[7, 9, 10, 17, 27, 46, 47, 49, 52, 59, 72, 73, 74, 80, 81]
[4, 17, 19, 20, 22, 28, 30, 45, 50, 51, 59, 61, 63, 74, 78]
[2, 9, 15, 19, 20, 22, 29, 33, 35, 40, 48, 61, 72, 75, 88]
[1, 2, 4, 14, 23, 37, 41, 42, 44, 54, 57, 58, 71, 74, 87]
[2, 5, 7, 22, 24, 38, 45, 50, 54, 60, 61, 65, 70, 74, 89]
[2, 4, 11, 17, 27, 36, 41, 45, 51, 52, 60, 68, 70, 71, 72]
[4, 8, 10, 14, 19, 28, 31, 32, 52, 56, 62, 78, 82, 83, 87]
[6, 9, 12, 20, 25, 27, 39, 44, 54, 61, 62, 63, 70, 73, 77]
[6, 9, 16, 22, 27, 32, 41, 43, 48, 52, 67, 71, 73, 75, 87]
[10, 21, 25, 32, 44, 50, 58, 59, 64, 70, 72, 79, 80, 81, 84]
[4, 11, 21, 37, 41, 42, 46, 53, 54, 61, 67, 68, 70, 72, 84]
[20, 27, 29, 30, 38, 47, 53, 57, 59, 60, 64, 72, 76, 78, 84]
[3, 6, 7, 13, 16, 18, 25, 27, 29, 31, 35, 50, 52, 73, 84]
[8, 11, 12, 19, 22, 30, 31, 44, 45, 48, 52, 57, 61, 70, 88]
[2, 12, 28, 29, 36, 39, 44, 50, 52, 58, 65, 68, 83, 86, 87]
[3, 8, 10, 22, 36, 41, 51, 54, 57, 66, 69, 71, 78, 84, 87]
[2, 6, 9, 16, 19, 23, 34, 45, 47, 48, 54, 55, 56, 72, 89]
[4, 5, 10, 14, 18, 23, 29, 43, 44, 45, 53, 55, 58, 76, 82]
[2, 15, 19, 20, 21, 27, 37, 57, 59, 66, 67, 68, 76, 77, 85]
[11, 16, 25, 26, 27, 38, 45, 46, 48, 75, 77, 78, 82, 84, 89]
[6, 11, 14, 16, 20, 23, 26, 30, 40, 46, 50, 55, 65, 69, 77]
[3, 7, 12, 13, 37, 45, 46, 47, 56, 67, 69, 73, 81, 82, 88]
[2, 3, 8, 11, 21, 28, 34, 36, 47, 49, 56, 60, 71, 73, 85]
[17, 19, 21, 26, 30, 38, 41, 43, 46, 54, 57, 69, 71, 76, 85]
[14, 21, 32, 40, 42, 48, 50, 52, 63, 65, 66, 73, 76, 77, 90]
[2, 5, 7, 15, 17, 19, 20, 25, 28, 33, 49, 50, 56, 78, 79]
[4, 8, 10, 13, 15, 22, 25, 27, 41, 47, 50, 51, 56, 71, 86]
[4, 12, 16, 28, 29, 35, 38, 41, 60, 61, 66, 74, 78, 80, 83]
[3, 11, 15, 30, 44, 45, 51, 55, 61, 67, 71, 76, 80, 83, 86]
[5, 9, 21, 26, 28, 38, 46, 48, 49, 58, 60, 61, 75, 77, 78]
[18, 26, 28, 29, 30, 31, 34, 44, 46, 49, 52, 53, 57, 66, 83]
[14, 15, 16, 20, 21, 33, 45, 54, 60, 65, 66, 79, 81, 87, 88]
[7, 8, 14, 15, 27, 34, 35, 36, 49, 55, 66, 69, 70, 73, 76]
[7, 10, 14, 18, 26, 31, 37, 45, 50, 55, 65, 69, 84, 85, 88]
[2, 3, 22, 25, 26, 36, 40, 44, 47, 57, 60, 73, 82, 85, 86]
[7, 14, 18, 19, 22, 32, 39, 47, 53, 61, 68, 72, 83, 88, 90]
[1, 4, 6, 18, 19, 34, 43, 50, 57, 61, 62, 65, 75, 77, 81]
[1, 2, 8, 14, 15, 29, 48, 51, 56, 59, 72, 73, 79, 87, 89]
[2, 8, 11, 12, 31, 36, 42, 47, 49, 50, 53, 60, 64, 78, 86]
[1, 14, 18, 19, 28, 31, 33, 37, 43, 50, 52, 68, 73, 76, 81]
[2, 3, 6, 12, 16, 19, 26, 30, 33, 43, 51, 55, 66, 74, 89]
[6, 11, 20, 33, 34, 38, 40, 46, 50, 52, 54, 61, 66, 68, 78]
[5, 8, 24, 34, 35, 39, 47, 55, 58, 59, 62, 69, 70, 74, 75]
[17, 19, 20, 26, 29, 31, 37, 43, 46, 49, 69, 73, 78, 79, 89]
[1, 9, 19, 25, 39, 40, 46, 49, 50, 53, 65, 67, 71, 83, 88]
[2, 8, 11, 22, 24, 31, 32, 46, 51, 56, 58, 71, 72, 79, 83]
[10, 15, 16, 20, 22, 34, 42, 44, 46, 54, 67, 68, 70, 74, 89]
[5, 8, 10, 16, 17, 23, 24, 41, 53, 55, 68, 74, 75, 87, 88]
[3, 5, 15, 17, 21, 22, 42, 43, 49, 54, 57, 61, 74, 82, 90]
[3, 8, 17, 26, 34, 40, 41, 46, 53, 54, 62, 69, 71, 75, 79]
[3, 12, 25, 26, 30, 36, 44, 52, 53, 64, 72, 79, 84, 85, 87]
[5, 24, 25, 31, 35, 37, 43, 44, 45, 51, 67, 72, 79, 83, 84]
[1, 4, 8, 11, 18, 37, 40, 50, 62, 67, 69, 71, 76, 81, 85]
[3, 17, 20, 22, 34, 35, 56, 59, 62, 64, 66, 73, 79, 81, 88]
[4, 9, 12, 17, 25, 29, 31, 35, 50, 57, 58, 61, 74, 86, 89]
[2, 6, 8, 10, 12, 17, 21, 23, 37, 48, 59, 70, 71, 79, 88]
[4, 15, 18, 27, 33, 36, 38, 43, 46, 51, 57, 59, 61, 67, 74]
[4, 23, 25, 32, 34, 41, 45, 46, 50, 58, 60, 63, 74, 79, 85]
[6, 17, 19, 24, 30, 31, 39, 41, 44, 59, 65, 67, 70, 82, 88]
[6, 8, 17, 22, 24, 30, 41, 53, 55, 57, 68, 73, 79, 85, 89]
[12, 20, 33, 35, 36, 41, 43, 57, 63, 64, 67, 72, 84, 85, 87]
[1, 2, 10, 15, 21, 26, 36, 45, 51, 52, 53, 60, 66, 67, 85]
[15, 17, 19, 21, 32, 35, 39, 41, 42, 44, 53, 72, 74, 87, 89]
[8, 11, 13, 15, 36, 37, 43, 45, 54, 66, 67, 74, 80, 84, 87]
[2, 10, 11, 30, 32, 35, 40, 44, 61, 64, 74, 75, 82, 87, 90]
[3, 7, 13, 14, 19, 20, 25, 27, 30, 35, 38, 53, 70, 79, 89]
[2, 7, 13, 14, 15, 20, 24, 38, 48, 50, 61, 67, 72, 86, 90]
[3, 11, 17, 18, 28, 32, 44, 49, 52, 55, 66, 67, 78, 83, 87]
[7, 9, 14, 18, 21, 23, 33, 39, 46, 50, 55, 79, 85, 87, 89]
[5, 8, 10, 13, 21, 24, 29, 31, 34, 36, 40, 49, 62, 75, 89]
[11, 12, 13, 22, 44, 54, 58, 59, 60, 67, 70, 76, 79, 87, 90]
[9, 18, 19, 20, 26, 37, 39, 40, 50, 54, 62, 75, 79, 83, 89]
[1, 6, 10, 17, 21, 27, 30, 33, 55, 65, 70, 73, 75, 80, 89]
[4, 9, 16, 20, 21, 23, 46, 47, 61, 62, 63, 75, 82, 86, 88]
[13, 14, 18, 22, 23, 24, 30, 34, 39, 46, 53, 55, 60, 72, 84]
[4, 5, 9, 19, 22, 24, 25, 30, 47, 53, 67, 72, 75, 78, 85]
[6, 9, 11, 15, 25, 29, 37, 43, 54, 59, 64, 68, 69, 78, 85]
[16, 19, 21, 24, 45, 46, 47, 53, 55, 57, 67, 71, 76, 82, 84]
[2, 9, 17, 18, 26, 27, 29, 34, 48, 58, 63, 66, 68, 75, 82]
[2, 7, 10, 13, 15, 21, 23, 32, 37, 38, 48, 51, 56, 57, 67]
[1, 2, 3, 12, 21, 43, 45, 46, 51, 54, 65, 68, 72, 74, 79]
[5, 8, 9, 21, 25, 29, 36, 38, 49, 50, 56, 66, 74, 78, 79]
[7, 14, 23, 28, 33, 36, 37, 41, 48, 49, 50, 55, 57, 75, 76]
[6, 11, 26, 34, 37, 46, 47, 50, 51, 54, 75, 79, 86, 87, 89]
[8, 16, 23, 27, 37, 41, 60, 62, 68, 73, 75, 77, 80, 81, 86]
[6, 7, 10, 11, 17, 31, 40, 41, 54, 61, 63, 74, 76, 83, 90]
[9, 13, 17, 22, 26, 32, 34, 45, 47, 50, 59, 67, 68, 75, 76]
[9, 13, 17, 19, 23, 27, 28, 31, 46, 47, 62, 75, 81, 84, 86]
[5, 8, 18, 19, 22, 24, 27, 31, 36, 38, 40, 56, 68, 83, 88]
[8, 11, 14, 20, 27, 30, 32, 34, 51, 70, 75, 79, 87, 88, 90]
[2, 5, 6, 11, 15, 20, 22, 31, 38, 40, 42, 69, 75, 80, 84]
[11, 15, 20, 24, 42, 52, 54, 58, 63, 69, 72, 76, 77, 81, 86]
[2, 7, 16, 21, 23, 30, 44, 45, 50, 57, 58, 60, 64, 65, 70]
[4, 9, 11, 30, 38, 39, 43, 46, 52, 53, 57, 60, 69, 72, 89]
[1, 16, 26, 28, 35, 36, 39, 50, 56, 59, 63, 74, 76, 88, 89]
[11, 12, 27, 30, 38, 39, 40, 41, 45, 57, 66, 78, 80, 86, 87]
[6, 9, 11, 15, 23, 31, 40, 46, 58, 69, 70, 72, 78, 81, 89]
[1, 2, 12, 15, 17, 25, 35, 39, 53, 57, 59, 67, 70, 81, 89]
[4, 9, 20, 23, 33, 36, 38, 40, 44, 72, 74, 79, 81, 84, 86]
[2, 17, 18, 24, 33, 34, 39, 55, 61, 65, 74, 78, 79, 82, 88]
[4, 15, 27, 35, 40, 42, 48, 50, 57, 59, 61, 62, 70, 73, 78]
[1, 8, 16, 25, 26, 32, 38, 41, 55, 63, 65, 69, 77, 89, 90]
[4, 9, 20, 22, 29, 33, 34, 35, 47, 70, 75, 76, 81, 83, 85]
[10, 16, 23, 26, 33, 34, 37, 41, 49, 51, 56, 59, 63, 76, 79]
[2, 14, 22, 28, 37, 52, 58, 63, 64, 68, 72, 74, 77, 81, 88]
[7, 8, 9, 14, 18, 20, 21, 36, 49, 50, 54, 57, 64, 70, 86]
[4, 7, 12, 30, 37, 38, 42, 45, 47, 62, 66, 67, 71, 78, 89]
[4, 7, 11, 13, 27, 28, 41, 49, 50, 56, 61, 63, 68, 79, 84]
[14, 15, 21, 31, 38, 41, 58, 62, 64, 72, 77, 79, 83, 86, 87]
[4, 16, 21, 30, 32, 34, 45, 46, 62, 63, 76, 79, 85, 87, 88]
[11, 13, 16, 23, 28, 31, 32, 40, 41, 47, 50, 65, 71, 76, 85]
[4, 10, 13, 28, 33, 36, 38, 42, 47, 50, 57, 74, 82, 84, 86]
[2, 9, 19, 26, 27, 31, 39, 45, 51, 55, 57, 62, 86, 88, 90]
[6, 7, 11, 12, 34, 36, 45, 48, 57, 64, 66, 70, 74, 87, 90]
[3, 6, 8, 10, 25, 38, 40, 51, 59, 61, 62, 72, 79, 80, 85]
[2, 4, 11, 18, 46, 54, 58, 59, 60, 63, 72, 73, 79, 85, 86]
[20, 21, 25, 36, 37, 38, 41, 50, 55, 58, 64, 71, 75, 82, 89]
[9, 13, 15, 27, 29, 31, 37, 50, 58, 75, 76, 77, 81, 86, 90]
[8, 19, 20, 25, 32, 36, 42, 51, 60, 65, 69, 71, 76, 85, 87]
[2, 6, 25, 26, 28, 31, 36, 58, 60, 67, 69, 76, 79, 81, 82]
[9, 11, 16, 20, 30, 34, 36, 42, 43, 46, 64, 71, 80, 82, 84]
[9, 11, 18, 22, 28, 34, 47, 59, 61, 62, 65, 76, 83, 86, 90]
[7, 10, 19, 23, 24, 27, 47, 49, 53, 57, 65, 71, 78, 80, 90]
[1, 4, 23, 28, 29, 36, 37, 41, 47, 53, 64, 67, 68, 76, 86]
[3, 6, 15, 18, 24, 33, 41, 48, 52, 53, 58, 60, 73, 75, 89]
[2, 9, 12, 21, 29, 35, 39, 45, 52, 57, 60, 67, 72, 73, 74]
[2, 8, 9, 14, 16, 32, 38, 39, 43, 46, 50, 52, 63, 87, 88]
[11, 14, 18, 33, 37, 45, 50, 53, 60, 64, 68, 71, 81, 85, 88]
[2, 9, 10, 12, 16, 24, 30, 31, 50, 51, 52, 71, 74, 79, 86]
[1, 4, 8, 27, 37, 39, 45, 48, 56, 57, 61, 62, 67, 75, 79]
[2, 9, 13, 22, 23, 29, 35, 37, 39, 40, 45, 46, 56, 68, 88]
[2, 4, 6, 12, 17, 18, 27, 28, 42, 47, 65, 66, 76, 80, 88]
[5, 6, 9, 14, 16, 26, 30, 64, 66, 69, 71, 75, 82, 85, 88]
[3, 11, 12, 20, 25, 42, 46, 57, 61, 67, 69, 73, 77, 86, 87]
[2, 6, 20, 28, 29, 32, 41, 46, 47, 51, 58, 62, 67, 79, 83]
[10, 15, 18, 21, 41, 43, 46, 52, 53, 66, 68, 70, 72, 76, 80]
[1, 7, 27, 32, 34, 39, 42, 44, 48, 67, 73, 74, 77, 89, 90]
[1, 6, 9, 10, 17, 25, 37, 38, 53, 55, 61, 63, 66, 79, 81]
[22, 28, 29, 34, 39, 41, 55, 57, 59, 63, 73, 79, 83, 85, 86]
[1, 6, 9, 11, 23, 25, 39, 41, 44, 48, 51, 54, 72, 74, 87]
[6, 13, 14, 17, 21, 26, 35, 44, 45, 46, 52, 59, 74, 83, 89]
[8, 15, 17, 22, 24, 30, 57, 58, 64, 66, 67, 76, 82, 84, 86]
[8, 13, 14, 27, 30, 42, 44, 45, 56, 59, 67, 71, 74, 76, 88]
[3, 6, 9, 17, 20, 22, 37, 38, 51, 55, 56, 61, 62, 63, 74]
[3, 8, 17, 23, 28, 34, 38, 39, 44, 58, 74, 79, 81, 85, 88]
[11, 22, 24, 34, 37, 40, 41, 44, 51, 57, 59, 73, 82, 86, 89]
[1, 13, 14, 18, 21, 23, 31, 39, 56, 57, 61, 62, 65, 87, 88]
[4, 9, 33, 34, 43, 45, 48, 51, 53, 56, 62, 66, 79, 83, 85]
[11, 12, 21, 25, 30, 32, 38, 46, 51, 56, 65, 73, 79, 80, 83]
[9, 13, 19, 29, 35, 40, 42, 48, 53, 56, 67, 73, 77, 79, 80]
[1, 5, 8, 14, 15, 16, 22, 30, 32, 45, 46, 54, 55, 60, 81]
[5, 14, 17, 22, 26, 28, 34, 38, 45, 49, 64, 65, 75, 76, 83]
[2, 3, 7, 14, 22, 23, 34, 37, 54, 55, 59, 68, 74, 83, 89]
[1, 21, 22, 28, 33, 41, 42, 51, 56, 62, 66, 72, 76, 78, 88]
[1, 3, 9, 21, 28, 34, 37, 43, 54, 58, 73, 76, 80, 85, 90]
[6, 14, 23, 43, 45, 46, 57, 60, 65, 69, 71, 75, 76, 82, 90]
[9, 22, 27, 28, 33, 42, 44, 47, 55, 57, 60, 62, 67, 74, 76]
[3, 6, 7, 15, 17, 33, 47, 50, 55, 64, 65, 68, 77, 81, 84]
[6, 23, 27, 31, 32, 39, 42, 46, 50, 53, 57, 60, 61, 70, 87]
[3, 13, 20, 23, 29, 34, 38, 39, 49, 57, 61, 68, 77, 81, 89]
[1, 15, 30, 35, 37, 42, 44, 52, 53, 59, 66, 67, 76, 85, 86]
[8, 9, 10, 23, 32, 38, 39, 45, 46, 51, 61, 62, 75, 81, 90]
[16, 17, 24, 26, 36, 48, 49, 51, 55, 57, 60, 63, 68, 82, 89]
[4, 16, 17, 21, 27, 34, 37, 39, 42, 54, 65, 68, 72, 87, 90]
[2, 3, 6, 11, 29, 34, 37, 42, 52, 53, 66, 68, 78, 87, 90]
[13, 25, 27, 28, 31, 37, 38, 43, 46, 47, 52, 55, 64, 87, 89]
[2, 7, 15, 18, 19, 30, 34, 39, 43, 45, 47, 77, 85, 86, 87]
[4, 12, 24, 26, 32, 33, 47, 48, 50, 56, 60, 75, 77, 79, 83]
[5, 10, 13, 14, 22, 33, 34, 42, 49, 52, 53, 62, 83, 85, 88]
[6, 7, 11, 23, 34, 37, 39, 56, 57, 58, 68, 71, 81, 85, 89]
[1, 5, 7, 13, 14, 28, 33, 35, 37, 50, 52, 55, 62, 75, 81]
[1, 10, 16, 29, 34, 37, 45, 48, 49, 53, 54, 59, 60, 76, 79]
[8, 15, 26, 32, 34, 36, 40, 48, 51, 56, 60, 66, 69, 70, 76]
[2, 6, 10, 11, 14, 21, 25, 38, 41, 42, 59, 61, 66, 70, 77]
[5, 8, 10, 15, 24, 34, 38, 39, 44, 48, 49, 57, 73, 74, 87]
[3, 10, 14, 25, 28, 37, 45, 46, 56, 64, 67, 70, 75, 83, 88]
[5, 15, 20, 22, 30, 32, 39, 42, 52, 60, 61, 63, 76, 82, 87]
[7, 16, 17, 21, 32, 36, 39, 40, 54, 58, 65, 71, 72, 79, 88]
[4, 5, 8, 13, 15, 17, 32, 35, 36, 40, 48, 59, 63, 65, 70]
[7, 14, 15, 17, 25, 28, 35, 51, 59, 60, 73, 75, 81, 86, 88]
[2, 4, 9, 23, 25, 30, 35, 37, 45, 46, 49, 52, 76, 83, 84]
[1, 3, 9, 21, 23, 24, 41, 44, 45, 56, 67, 71, 78, 80, 90]
[2, 4, 7, 14, 15, 23, 28, 36, 38, 41, 44, 54, 60, 71, 82]
[9, 12, 16, 27, 29, 34, 36, 37, 51, 53, 57, 65, 67, 77, 78]
[2, 7, 20, 29, 34, 41, 46, 47, 50, 52, 53, 61, 71, 73, 89]
[5, 13, 23, 28, 37, 38, 40, 49, 54, 56, 64, 68, 70, 80, 85]
[5, 12, 22, 23, 25, 30, 32, 37, 45, 48, 58, 61, 65, 71, 88]
[3, 7, 8, 19, 28, 29, 30, 35, 43, 45, 48, 76, 80, 85, 88]
[3, 13, 14, 16, 33, 38, 41, 42, 46, 59, 62, 68, 75, 78, 86]
[13, 18, 28, 35, 37, 43, 46, 52, 58, 60, 63, 69, 71, 80, 86]
[5, 6, 9, 20, 24, 27, 30, 32, 33, 55, 59, 61, 63, 67, 84]
[5, 16, 17, 20, 26, 34, 38, 44, 48, 53, 55, 73, 74, 79, 82]
[4, 5, 17, 18, 21, 22, 23, 35, 39, 45, 60, 71, 73, 74, 86]
[3, 23, 28, 30, 31, 37, 47, 50, 66, 70, 74, 78, 80, 86, 87]
[2, 10, 13, 16, 25, 29, 37, 45, 47, 58, 62, 73, 82, 83, 90]
[8, 18, 19, 21, 31, 35, 39, 42, 47, 71, 72, 73, 81, 82, 89]
[8, 18, 31, 35, 45, 49, 50, 52, 57, 64, 65, 71, 78, 79, 82]
[5, 7, 8, 13, 17, 24, 26, 28, 43, 60, 77, 79, 80, 81, 89]
[16, 17, 18, 21, 31, 35, 39, 50, 58, 64, 74, 79, 81, 85, 90]
[5, 7, 9, 13, 26, 31, 39, 41, 43, 45, 51, 58, 66, 84, 90]
[3, 9, 11, 25, 31, 34, 50, 51, 58, 67, 70, 74, 83, 84, 88]
[2, 9, 11, 24, 33, 42, 43, 44, 50, 54, 62, 69, 80, 82, 88]
[10, 20, 21, 25, 30, 33, 34, 40, 47, 48, 53, 58, 74, 81, 86]
[2, 5, 9, 26, 30, 34, 39, 40, 41, 55, 66, 75, 76, 83, 86]
[7, 9, 15, 24, 33, 42, 46, 49, 55, 61, 63, 69, 74, 78, 84]
[2, 4, 10, 28, 37, 40, 46, 58, 59, 61, 65, 76, 82, 85, 88]
[9, 11, 17, 19, 23, 25, 31, 40, 50, 58, 64, 67, 73, 88, 89]
[1, 5, 11, 12, 19, 24, 30, 31, 32, 40, 42, 48, 66, 76, 85]
[1, 19, 23, 24, 30, 45, 49, 54, 57, 61, 64, 71, 75, 78, 87]
[1, 14, 17, 18, 23, 45, 47, 50, 51, 56, 69, 74, 76, 82, 85]
[1, 11, 22, 33, 37, 38, 40, 52, 53, 61, 62, 68, 71, 76, 78]
[9, 14, 15, 16, 33, 39, 46, 51, 57, 58, 63, 71, 74, 83, 88]
[10, 11, 30, 34, 48, 56, 59, 64, 65, 72, 73, 74, 80, 83, 85]
[6, 16, 19, 23, 48, 49, 54, 59, 62, 65, 66, 75, 78, 81, 88]
[4, 6, 11, 18, 24, 25, 34, 43, 54, 55, 70, 78, 82, 89, 90]
[11, 18, 20, 28, 41, 43, 46, 51, 53, 54, 61, 73, 75, 78, 80]
[4, 7, 19, 20, 37, 45, 50, 55, 58, 60, 70, 75, 84, 86, 88]
[4, 6, 8, 24, 27, 31, 36, 38, 43, 46, 60, 62, 68, 74, 80]
[10, 17, 18, 25, 35, 38, 43, 50, 54, 57, 69, 71, 74, 76, 81]
[1, 8, 10, 12, 14, 20, 25, 31, 33, 45, 52, 60, 77, 81, 83]
[10, 11, 17, 21, 26, 27, 34, 44, 51, 54, 55, 72, 73, 75, 85]
[12, 16, 21, 27, 34, 36, 37, 41, 46, 48, 53, 68, 81, 83, 84]
[1, 2, 19, 21, 29, 35, 54, 55, 60, 65, 72, 73, 80, 85, 86]
[2, 3, 11, 13, 26, 35, 41, 45, 46, 52, 69, 76, 78, 81, 83]
[11, 12, 16, 25, 29, 33, 39, 45, 47, 48, 56, 63, 69, 80, 81]
[1, 4, 10, 16, 22, 24, 31, 37, 48, 53, 60, 65, 67, 77, 82]
[4, 6, 46, 48, 50, 54, 58, 63, 66, 67, 72, 75, 79, 86, 90]
[1, 16, 17, 25, 26, 40, 43, 46, 52, 59, 60, 63, 66, 78, 88]
[3, 14, 15, 16, 20, 21, 25, 33, 37, 39, 44, 50, 55, 61, 84]
[1, 9, 13, 16, 33, 35, 41, 42, 46, 52, 53, 61, 63, 70, 72]
[2, 3, 10, 15, 29, 33, 35, 39, 40, 64, 69, 76, 84, 85, 88]
[1, 27, 40, 44, 45, 53, 58, 64, 66, 68, 70, 77, 79, 85, 90]
[1, 5, 16, 18, 19, 35, 38, 39, 42, 43, 46, 79, 85, 88, 90]
[2, 5, 6, 11, 13, 18, 27, 28, 29, 35, 41, 43, 44, 71, 74]
[12, 23, 27, 30, 33, 35, 40, 44, 59, 60, 62, 66, 71, 72, 77]
[4, 5, 12, 13, 14, 23, 25, 42, 44, 47, 57, 59, 61, 62, 75]
[4, 5, 6, 13, 14, 17, 40, 51, 59, 63, 67, 71, 77, 83, 89]
[2, 3, 12, 15, 22, 24, 28, 31, 53, 58, 61, 64, 69, 85, 88]
[4, 7, 9, 16, 17, 23, 28, 31, 45, 52, 53, 64, 67, 87, 90]
[2, 16, 29, 30, 38, 44, 46, 51, 57, 62, 64, 72, 74, 80, 90]
[13, 16, 17, 20, 23, 34, 37, 45, 46, 51, 58, 59, 66, 78, 89]
[5, 12, 14, 23, 24, 29, 37, 55, 63, 65, 66, 70, 77, 89, 90]
[1, 2, 3, 18, 19, 24, 30, 34, 36, 42, 55, 70, 72, 74, 86]
[6, 9, 16, 17, 21, 37, 46, 47, 52, 59, 63, 64, 69, 82, 84]
[3, 16, 19, 20, 22, 30, 32, 41, 46, 49, 57, 66, 72, 75, 84]
[3, 6, 7, 12, 18, 31, 32, 35, 43, 44, 55, 60, 61, 76, 88]
[9, 12, 13, 14, 26, 32, 43, 58, 61, 67, 68, 77, 80, 84, 85]
[13, 16, 19, 28, 32, 33, 40, 45, 46, 50, 59, 67, 73, 79, 87]
[5, 8, 9, 19, 22, 28, 33, 34, 40, 44, 45, 62, 63, 76, 87]
[3, 17, 18, 27, 29, 32, 44, 48, 53, 57, 59, 73, 76, 78, 88]
[10, 25, 33, 34, 38, 51, 54, 56, 62, 63, 74, 75, 78, 83, 84]
[3, 9, 14, 19, 20, 23, 32, 34, 41, 47, 49, 56, 74, 76, 78]
[1, 2, 5, 18, 21, 24, 28, 33, 35, 45, 53, 60, 76, 78, 90]
[1, 6, 10, 19, 21, 22, 35, 40, 64, 76, 78, 79, 80, 85, 87]
[4, 9, 13, 14, 27, 28, 31, 47, 55, 59, 67, 69, 71, 72, 79]
[4, 9, 18, 20, 21, 25, 42, 49, 51, 59, 65, 72, 74, 84, 87]
[3, 5, 9, 17, 20, 34, 38, 44, 51, 61, 64, 71, 73, 84, 90]
[8, 25, 30, 35, 39, 46, 48, 51, 58, 60, 67, 71, 79, 81, 89]
[6, 8, 12, 16, 24, 25, 27, 37, 54, 59, 63, 67, 85, 87, 88]
[16, 20, 22, 23, 33, 37, 51, 55, 61, 63, 68, 76, 86, 88, 90]
[5, 7, 13, 19, 24, 32, 37, 42, 54, 58, 60, 69, 78, 79, 80]
[13, 17, 19, 20, 21, 34, 45, 47, 55, 63, 65, 71, 78, 84, 86]
[3, 7, 10, 15, 16, 20, 31, 47, 49, 50, 52, 58, 71, 72, 88]
[10, 16, 19, 25, 34, 35, 36, 47, 53, 63, 67, 69, 76, 78, 90]
[16, 19, 21, 27, 35, 44, 48, 51, 54, 56, 60, 64, 73, 75, 79]
[10, 18, 20, 25, 34, 57, 59, 61, 63, 67, 70, 72, 79, 86, 90]
[7, 13, 20, 32, 38, 43, 44, 48, 51, 54, 60, 74, 77, 78, 83]
[3, 14, 17, 19, 20, 30, 33, 39, 40, 46, 64, 77, 83, 85, 86]
[5, 10, 11, 17, 23, 27, 38, 52, 54, 56, 60, 63, 69, 72, 81]
[1, 2, 7, 16, 19, 38, 53, 56, 58, 62, 68, 70, 71, 76, 80]
[7, 11, 16, 35, 39, 41, 43, 47, 65, 66, 68, 72, 74, 83, 84]
[2, 9, 10, 28, 30, 31, 39, 40, 45, 49, 60, 70, 82, 86, 90]
[9, 22, 26, 29, 31, 33, 36, 43, 59, 67, 70, 72, 73, 82, 87]
[7, 9, 13, 17, 19, 26, 33, 41, 45, 65, 69, 74, 79, 88, 89]
[4, 7, 13, 18, 21, 23, 29, 30, 36, 47, 53, 60, 70, 78, 90]
[2, 16, 18, 27, 28, 31, 34, 45, 61, 68, 69, 71, 76, 79, 86]
[6, 8, 9, 13, 25, 32, 41, 48, 51, 52, 61, 70, 71, 84, 90]
[20, 26, 30, 39, 42, 48, 50, 56, 60, 63, 71, 76, 78, 85, 89]
[1, 3, 17, 23, 25, 26, 31, 57, 69, 71, 72, 74, 83, 87, 88]
[1, 15, 16, 17, 21, 25, 40, 42, 48, 52, 58, 62, 63, 65, 90]
[4, 14, 15, 21, 29, 32, 35, 37, 44, 62, 66, 67, 72, 78, 82]
[12, 13, 14, 26, 29, 30, 36, 37, 40, 45, 58, 59, 66, 76, 88]
[1, 16, 17, 25, 38, 42, 43, 52, 56, 67, 71, 75, 77, 86, 90]
[4, 23, 26, 29, 35, 42, 47, 48, 53, 61, 64, 67, 72, 76, 90]
[16, 23, 27, 32, 38, 39, 46, 47, 63, 69, 70, 73, 75, 81, 82]
[7, 18, 21, 24, 35, 40, 44, 53, 63, 71, 75, 76, 80, 84, 89]
[4, 8, 16, 17, 24, 27, 30, 46, 48, 53, 56, 61, 62, 88, 90]
[12, 13, 26, 28, 31, 43, 49, 50, 55, 66, 71, 76, 79, 80, 85]
[5, 7, 8, 10, 12, 14, 25, 37, 45, 51, 68, 77, 78, 86, 89]
[7, 9, 16, 19, 43, 48, 52, 53, 59, 64, 75, 78, 79, 88, 89]
[4, 6, 10, 13, 15, 22, 35, 36, 41, 44, 46, 65, 76, 82, 85]
[8, 13, 14, 19, 21, 30, 38, 40, 41, 44, 57, 68, 84, 85, 89]
[11, 14, 16, 30, 32, 39, 44, 51, 53, 65, 72, 75, 78, 82, 89]
[4, 9, 14, 15, 22, 27, 33, 35, 39, 41, 57, 66, 70, 72, 84]
[1, 11, 19, 23, 25, 31, 39, 40, 51, 57, 58, 64, 68, 87, 89]
[4, 12, 14, 16, 27, 28, 29, 31, 58, 71, 78, 79, 80, 87, 89]
[2, 3, 7, 12, 25, 30, 37, 39, 47, 48, 55, 61, 82, 85, 89]
[2, 5, 14, 25, 28, 33, 37, 45, 47, 50, 51, 60, 63, 67, 85]
[4, 6, 10, 12, 27, 29, 30, 31, 39, 40, 52, 56, 73, 87, 89]
[4, 10, 11, 13, 23, 25, 26, 32, 37, 40, 42, 62, 75, 78, 85]
[3, 10, 14, 18, 26, 30, 39, 44, 46, 55, 61, 67, 77, 79, 81]
[5, 19, 23, 24, 33, 36, 39, 44, 46, 56, 58, 59, 64, 73, 76]
[4, 7, 9, 20, 21, 33, 43, 54, 60, 63, 71, 78, 86, 87, 90]
[2, 9, 14, 23, 29, 34, 36, 37, 41, 42, 69, 74, 82, 88, 89]
[1, 5, 13, 14, 45, 53, 54, 58, 64, 65, 70, 76, 77, 80, 89]
[2, 3, 7, 10, 26, 27, 33, 42, 44, 49, 63, 69, 73, 81, 90]
[9, 11, 17, 26, 27, 32, 45, 50, 54, 58, 63, 66, 72, 74, 86]
[1, 9, 13, 23, 26, 34, 36, 38, 42, 53, 56, 62, 82, 87, 90]
[15, 23, 38, 45, 51, 52, 56, 64, 65, 70, 76, 79, 82, 84, 85]
[1, 7, 9, 10, 19, 20, 32, 33, 36, 49, 60, 64, 69, 82, 85]
[1, 7, 15, 16, 33, 45, 49, 51, 54, 58, 62, 70, 75, 81, 89]
[1, 8, 9, 13, 20, 31, 33, 45, 50, 60, 62, 66, 70, 73, 89]
[6, 10, 11, 17, 21, 31, 32, 34, 51, 56, 61, 62, 70, 74, 81]
[3, 24, 29, 31, 32, 44, 46, 54, 57, 60, 63, 64, 76, 77, 89]
[8, 13, 14, 18, 21, 25, 29, 32, 43, 44, 45, 57, 63, 74, 77]
[4, 6, 7, 10, 16, 26, 37, 40, 48, 50, 52, 78, 88, 89, 90]
[1, 19, 28, 41, 49, 52, 54, 58, 65, 67, 74, 77, 79, 80, 85]
[1, 4, 10, 12, 18, 30, 51, 55, 59, 63, 66, 70, 79, 80, 90]
[3, 12, 13, 14, 24, 28, 38, 43, 59, 60, 61, 62, 81, 83, 86]
[4, 14, 29, 34, 45, 46, 49, 50, 59, 61, 69, 72, 77, 85, 88]
[1, 8, 18, 26, 32, 37, 39, 48, 54, 56, 62, 69, 83, 85, 90]
[3, 8, 12, 21, 22, 23, 31, 32, 35, 41, 44, 50, 62, 70, 81]
[2, 4, 11, 13, 21, 27, 28, 40, 41, 57, 63, 71, 78, 81, 85]
[10, 12, 16, 22, 42, 44, 51, 52, 59, 63, 73, 74, 76, 80, 86]
[2, 13, 14, 17, 22, 23, 26, 36, 39, 59, 62, 65, 74, 76, 84]
[3, 5, 7, 15, 20, 25, 35, 37, 42, 57, 69, 78, 81, 82, 90]
[1, 10, 12, 21, 23, 29, 36, 42, 50, 53, 54, 68, 71, 75, 90]
[4, 5, 9, 13, 23, 31, 34, 56, 57, 69, 71, 75, 81, 86, 88]
[12, 17, 19, 21, 24, 36, 39, 40, 53, 54, 56, 61, 67, 71, 85]
[11, 16, 23, 24, 27, 33, 34, 40, 52, 62, 71, 74, 82, 83, 88]
[4, 11, 18, 19, 25, 31, 32, 39, 46, 48, 49, 50, 68, 86, 88]
[14, 32, 37, 40, 43, 46, 50, 52, 54, 60, 73, 76, 83, 85, 86]
[1, 8, 10, 13, 20, 24, 34, 37, 53, 59, 60, 67, 69, 83, 90]
[6, 10, 12, 20, 25, 27, 36, 38, 39, 45, 50, 65, 72, 73, 88]
[3, 4, 9, 12, 14, 18, 27, 49, 50, 59, 61, 66, 67, 77, 81]
[7, 9, 17, 23, 24, 42, 53, 57, 61, 68, 72, 77, 78, 83, 85]
[1, 18, 19, 22, 27, 38, 41, 44, 50, 54, 59, 63, 67, 88, 89]
[6, 12, 17, 21, 25, 33, 39, 45, 57, 61, 64, 67, 72, 78, 82]
[2, 3, 10, 18, 35, 41, 45, 63, 67, 71, 72, 76, 83, 87, 89]
[9, 28, 33, 34, 35, 51, 55, 58, 61, 62, 65, 70, 75, 79, 81]
[7, 8, 9, 13, 25, 33, 38, 41, 45, 49, 59, 66, 72, 74, 75]
[6, 8, 18, 22, 23, 43, 48, 49, 55, 57, 62, 67, 68, 73, 88]
[5, 15, 24, 32, 34, 39, 41, 42, 58, 59, 63, 66, 67, 83, 89]
[1, 10, 19, 21, 29, 35, 36, 38, 40, 57, 61, 66, 70, 84, 89]
[1, 2, 7, 18, 19, 30, 34, 43, 53, 56, 57, 61, 64, 70, 86]
[3, 5, 6, 10, 11, 17, 25, 38, 55, 56, 60, 61, 78, 79, 87]
[14, 22, 26, 29, 46, 50, 59, 60, 68, 71, 75, 78, 80, 81, 86]
[7, 8, 13, 16, 23, 32, 42, 46, 56, 60, 62, 66, 72, 73, 82]
[5, 7, 15, 16, 20, 23, 29, 35, 40, 49, 64, 71, 77, 86, 90]
[2, 9, 19, 31, 34, 38, 40, 42, 47, 51, 59, 62, 78, 82, 83]
[3, 4, 9, 10, 12, 14, 20, 41, 44, 58, 64, 67, 73, 81, 86]
[6, 13, 16, 18, 25, 26, 29, 31, 37, 48, 50, 53, 64, 73, 89]
[10, 16, 27, 30, 38, 41, 54, 65, 67, 68, 73, 77, 86, 88, 89]
[3, 8, 13, 17, 22, 25, 27, 30, 31, 33, 57, 74, 76, 84, 88]
[1, 2, 16, 21, 22, 28, 48, 50, 53, 58, 63, 67, 83, 85, 87]
[4, 12, 17, 18, 30, 36, 43, 51, 56, 66, 72, 77, 82, 84, 88]
[9, 16, 18, 22, 31, 37, 46, 54, 62, 63, 70, 71, 72, 83, 88]
[4, 7, 8, 17, 18, 22, 32, 36, 40, 49, 65, 66, 72, 77, 86]
[2, 8, 9, 15, 18, 19, 25, 45, 46, 47, 53, 65, 70, 82, 90]
[1, 6, 8, 18, 27, 28, 33, 34, 39, 43, 50, 54, 58, 62, 88]
[3, 9, 12, 13, 19, 29, 34, 35, 38, 42, 46, 48, 69, 76, 78]
[4, 8, 13, 19, 24, 33, 43, 48, 52, 54, 72, 76, 79, 81, 88]
[4, 6, 10, 17, 21, 28, 36, 37, 42, 52, 56, 63, 73, 83, 87]
[3, 5, 21, 22, 28, 30, 40, 44, 51, 52, 61, 70, 80, 82, 87]
[6, 8, 9, 11, 15, 17, 34, 40, 62, 73, 74, 76, 84, 85, 87]
[12, 14, 16, 23, 26, 41, 43, 47, 51, 53, 54, 64, 70, 76, 79]
[4, 7, 8, 14, 20, 31, 43, 44, 45, 54, 58, 66, 67, 76, 78]
[5, 10, 15, 31, 35, 49, 53, 58, 59, 68, 75, 76, 79, 82, 88]
[7, 17, 27, 33, 35, 44, 46, 48, 57, 61, 65, 67, 71, 85, 88]
[13, 17, 18, 24, 29, 31, 42, 44, 52, 54, 56, 61, 68, 69, 87]
[1, 3, 7, 13, 22, 25, 34, 35, 54, 66, 75, 77, 82, 84, 85]
[1, 2, 4, 12, 17, 38, 41, 45, 47, 59, 67, 68, 77, 79, 82]
[5, 13, 29, 32, 40, 54, 55, 56, 67, 69, 70, 75, 78, 87, 89]
[2, 5, 6, 10, 17, 26, 33, 35, 42, 52, 57, 71, 76, 79, 84]
[6, 14, 17, 24, 30, 34, 43, 44, 55, 61, 63, 65, 79, 80, 85]
[2, 4, 7, 13, 25, 33, 34, 35, 40, 48, 53, 63, 77, 78, 79]
[2, 3, 6, 11, 18, 33, 46, 47, 49, 61, 76, 77, 78, 84, 87]
[1, 2, 10, 17, 22, 24, 41, 45, 49, 51, 69, 77, 79, 81, 89]
[8, 9, 17, 18, 23, 32, 37, 43, 48, 55, 56, 57, 62, 77, 90]
[1, 6, 17, 19, 20, 29, 37, 47, 49, 61, 68, 70, 73, 78, 89]
[2, 21, 24, 25, 34, 45, 49, 53, 65, 67, 72, 74, 76, 82, 87]
[2, 9, 10, 19, 20, 22, 26, 44, 45, 50, 57, 59, 69, 79, 86]
[7, 12, 26, 33, 36, 52, 56, 59, 60, 62, 63, 73, 85, 86, 88]
[1, 3, 6, 29, 32, 38, 47, 48, 57, 70, 71, 72, 83, 89, 90]
[5, 7, 16, 33, 53, 54, 55, 67, 68, 69, 71, 74, 79, 81, 83]
[11, 23, 26, 36, 39, 40, 43, 60, 62, 63, 70, 77, 80, 82, 89]
[1, 15, 24, 27, 38, 45, 49, 54, 60, 64, 72, 75, 81, 89, 90]
[2, 6, 11, 18, 22, 23, 28, 35, 37, 44, 54, 68, 73, 78, 83]
[2, 4, 7, 17, 44, 48, 52, 58, 59, 63, 65, 74, 83, 84, 87]
[15, 18, 21, 22, 28, 31, 32, 40, 41, 44, 60, 65, 80, 83, 86]
[1, 2, 10, 18, 19, 31, 37, 40, 55, 58, 59, 67, 76, 87, 88]
[12, 13, 14, 20, 25, 28, 30, 44, 47, 52, 67, 68, 69, 71, 87]
[6, 10, 19, 22, 28, 33, 48, 55, 59, 60, 64, 69, 71, 82, 89]
[2, 10, 16, 32, 38, 40, 44, 48, 53, 57, 62, 65, 69, 77, 80]
[19, 22, 23, 28, 35, 38, 41, 44, 53, 57, 62, 63, 80, 83, 84]
[8, 9, 13, 15, 25, 29, 32, 57, 58, 59, 61, 67, 80, 82, 89]
[1, 15, 16, 23, 25, 28, 32, 43, 54, 59, 61, 67, 85, 86, 87]
[11, 14, 20, 24, 25, 35, 37, 38, 42, 44, 52, 58, 66, 81, 89]
[17, 18, 27, 30, 34, 36, 56, 58, 59, 69, 72, 76, 79, 80, 88]
[1, 3, 18, 21, 31, 32, 34, 41, 49, 61, 64, 77, 83, 85, 88]
[6, 15, 19, 23, 28, 30, 36, 42, 44, 45, 55, 64, 68, 84, 85]
[1, 4, 6, 10, 15, 26, 30, 40, 41, 59, 76, 78, 87, 88, 89]
[7, 13, 27, 33, 34, 48, 52, 53, 54, 60, 65, 76, 77, 79, 80]
[2, 13, 29, 32, 34, 36, 40, 41, 43, 50, 55, 62, 64, 71, 76]
[4, 8, 11, 15, 19, 26, 28, 29, 37, 41, 42, 58, 76, 81, 90]
[1, 18, 24, 27, 29, 30, 45, 57, 59, 63, 67, 69, 70, 75, 76]
[3, 9, 13, 14, 22, 24, 30, 38, 49, 67, 69, 77, 79, 81, 86]
[3, 6, 8, 11, 20, 35, 42, 47, 55, 60, 62, 70, 79, 83, 90]
[4, 21, 32, 34, 38, 41, 46, 49, 58, 67, 69, 78, 80, 85, 89]
[7, 23, 25, 29, 36, 41, 45, 54, 56, 65, 70, 79, 81, 84, 89]
[3, 4, 23, 37, 40, 46, 56, 59, 68, 71, 72, 78, 81, 86, 87]
[7, 8, 9, 12, 35, 46, 54, 57, 59, 61, 69, 70, 80, 88, 89]
[2, 6, 14, 30, 43, 44, 47, 55, 56, 65, 71, 77, 86, 87, 88]
[1, 5, 15, 16, 22, 27, 28, 42, 50, 62, 71, 77, 80, 81, 84]
[4, 7, 14, 23, 27, 28, 32, 37, 42, 52, 57, 70, 73, 84, 85]
[1, 5, 14, 28, 33, 38, 39, 48, 52, 56, 59, 68, 78, 79, 82]
[1, 2, 4, 13, 23, 26, 34, 42, 45, 50, 68, 72, 74, 82, 83]
[5, 6, 8, 10, 19, 22, 25, 29, 39, 44, 49, 55, 59, 66, 80]
[7, 12, 13, 17, 20, 25, 28, 38, 40, 56, 58, 71, 80, 86, 87]
[9, 14, 25, 28, 33, 36, 42, 47, 48, 54, 61, 62, 67, 71, 74]
[9, 13, 14, 28, 39, 46, 51, 53, 55, 67, 68, 72, 73, 79, 90]
[2, 14, 16, 26, 30, 32, 40, 55, 57, 60, 66, 69, 73, 77, 80]
[1, 9, 16, 20, 21, 34, 40, 44, 52, 53, 60, 70, 71, 77, 80]
[15, 24, 27, 29, 30, 33, 38, 49, 54, 65, 67, 78, 84, 87, 89]
[1, 2, 8, 16, 19, 21, 31, 35, 40, 44, 52, 53, 58, 66, 89]
[5, 11, 13, 14, 21, 25, 27, 50, 51, 55, 61, 72, 82, 86, 89]
[4, 5, 7, 10, 28, 30, 36, 42, 48, 67, 73, 76, 77, 86, 89]
[12, 29, 37, 41, 47, 49, 50, 52, 59, 60, 67, 69, 74, 76, 80]
[2, 12, 25, 26, 27, 30, 40, 46, 59, 70, 74, 75, 80, 84, 90]
[3, 6, 7, 10, 15, 25, 27, 29, 42, 49, 61, 78, 79, 89, 90]
[12, 15, 18, 28, 31, 33, 43, 44, 56, 63, 64, 68, 73, 87, 88]
[1, 3, 14, 18, 25, 31, 34, 37, 40, 41, 55, 59, 61, 62, 71]
[5, 6, 8, 10, 13, 32, 38, 43, 46, 57, 64, 71, 77, 78, 90]
[1, 5, 8, 11, 13, 16, 23, 31, 34, 56, 57, 61, 70, 82, 84]
[5, 14, 16, 17, 21, 28, 32, 39, 40, 44, 54, 71, 78, 85, 89]
[8, 12, 15, 17, 40, 42, 47, 51, 57, 69, 72, 79, 85, 86, 87]
[4, 12, 13, 16, 26, 28, 32, 39, 41, 44, 48, 57, 58, 59, 90]
[6, 8, 33, 38, 39, 56, 58, 66, 68, 69, 74, 77, 80, 84, 85]
[1, 3, 4, 12, 19, 34, 37, 41, 47, 52, 56, 61, 76, 79, 88]
[4, 7, 8, 14, 20, 24, 27, 45, 53, 56, 62, 65, 69, 86, 88]
[2, 8, 11, 17, 26, 30, 38, 42, 44, 47, 50, 51, 69, 76, 84]
[18, 19, 21, 25, 31, 33, 35, 41, 56, 59, 62, 66, 68, 71, 83]
[2, 10, 29, 34, 37, 40, 46, 54, 55, 58, 61, 63, 70, 71, 88]
[8, 25, 32, 36, 42, 47, 49, 54, 56, 57, 62, 68, 70, 79, 83]
[20, 21, 22, 32, 35, 42, 47, 48, 52, 54, 57, 74, 77, 86, 90]
[3, 7, 10, 22, 25, 28, 32, 41, 48, 50, 51, 56, 61, 65, 90]
[2, 7, 17, 20, 21, 36, 44, 48, 51, 55, 57, 60, 63, 67, 82]
[5, 6, 8, 12, 19, 20, 28, 37, 40, 41, 57, 61, 77, 80, 82]
[5, 11, 18, 22, 25, 26, 32, 35, 38, 40, 45, 53, 66, 78, 82]
[2, 5, 6, 15, 27, 29, 34, 41, 42, 49, 57, 65, 70, 73, 90]
[11, 17, 18, 24, 28, 31, 47, 54, 58, 64, 68, 69, 71, 76, 77]
[1, 16, 19, 27, 34, 36, 40, 50, 62, 67, 69, 75, 76, 80, 81]
[1, 4, 9, 16, 18, 20, 39, 47, 50, 53, 56, 72, 76, 82, 83]
[3, 18, 24, 28, 29, 36, 39, 42, 49, 54, 65, 71, 77, 79, 81]
[8, 12, 14, 20, 21, 29, 39, 46, 51, 55, 61, 77, 80, 87, 90]
[20, 21, 25, 34, 36, 45, 47, 58, 62, 66, 67, 74, 79, 83, 90]
[2, 14, 17, 19, 24, 27, 47, 53, 57, 63, 65, 74, 78, 81, 85]
[2, 13, 22, 29, 32, 40, 41, 47, 58, 63, 65, 71, 77, 78, 90]
[7, 11, 17, 27, 31, 33, 44, 52, 65, 69, 74, 77, 81, 82, 87]
[1, 18, 26, 28, 32, 36, 39, 42, 46, 49, 69, 73, 78, 81, 84]
[3, 9, 31, 32, 34, 44, 54, 58, 60, 62, 73, 74, 82, 86, 88]
[3, 4, 6, 10, 13, 22, 31, 34, 45, 50, 55, 58, 77, 82, 85]
[5, 8, 14, 16, 24, 29, 40, 44, 51, 58, 63, 73, 77, 81, 90]
[7, 8, 9, 18, 22, 28, 32, 41, 42, 51, 58, 75, 81, 84, 89]
[15, 18, 19, 24, 30, 39, 45, 51, 55, 56, 68, 69, 72, 82, 83]
[9, 16, 21, 27, 29, 34, 38, 40, 58, 60, 64, 65, 78, 79, 83]
[2, 11, 13, 23, 25, 41, 62, 64, 65, 71, 73, 76, 84, 88, 90]
[5, 8, 29, 36, 42, 44, 46, 56, 62, 68, 74, 78, 82, 83, 88]
[10, 13, 14, 33, 35, 45, 47, 50, 51, 60, 77, 78, 79, 80, 89]
[9, 31, 33, 43, 46, 50, 57, 58, 60, 63, 67, 75, 80, 81, 89]
[2, 12, 13, 23, 24, 28, 40, 55, 62, 65, 70, 72, 75, 80, 90]
[7, 8, 10, 11, 16, 36, 41, 46, 49, 50, 53, 61, 62, 82, 90]
[2, 10, 25, 29, 31, 40, 41, 53, 58, 61, 64, 74, 77, 78, 88]
[27, 29, 37, 38, 45, 47, 50, 51, 55, 64, 67, 77, 80, 81, 90]
[1, 6, 8, 11, 13, 24, 25, 40, 41, 44, 60, 64, 75, 83, 84]
[11, 14, 24, 36, 42, 45, 52, 58, 64, 69, 72, 78, 80, 85, 87]
[3, 6, 8, 16, 27, 28, 30, 42, 59, 65, 71, 76, 78, 83, 88]
[2, 9, 13, 18, 46, 48, 54, 56, 57, 61, 68, 69, 78, 84, 90]
[7, 9, 11, 14, 20, 23, 41, 42, 44, 50, 52, 65, 66, 69, 75]
[2, 8, 25, 26, 30, 33, 36, 45, 48, 60, 66, 77, 81, 82, 89]
[3, 4, 26, 29, 33, 38, 44, 48, 51, 66, 67, 73, 76, 78, 84]
[3, 8, 17, 25, 26, 29, 31, 35, 45, 48, 56, 67, 81, 82, 87]
[6, 14, 18, 21, 24, 25, 36, 39, 51, 54, 64, 71, 75, 82, 89]
[6, 20, 23, 24, 35, 45, 46, 56, 57, 66, 67, 75, 78, 86, 90]
[1, 6, 11, 12, 37, 39, 43, 46, 54, 56, 62, 66, 81, 86, 90]
[4, 7, 18, 20, 23, 34, 36, 39, 47, 61, 64, 70, 75, 80, 90]
[1, 7, 20, 27, 28, 34, 40, 43, 45, 55, 65, 73, 77, 84, 89]
[7, 12, 15, 20, 27, 30, 32, 34, 43, 51, 55, 63, 68, 70, 90]
[1, 21, 27, 29, 31, 34, 42, 45, 57, 60, 62, 69, 86, 89, 90]
[1, 19, 21, 27, 47, 48, 49, 51, 61, 62, 73, 79, 82, 83, 86]
[3, 11, 15, 18, 30, 31, 35, 51, 54, 56, 62, 68, 69, 77, 86]
[4, 15, 17, 26, 41, 46, 53, 54, 61, 64, 69, 75, 79, 80, 87]
[11, 30, 49, 50, 54, 57, 60, 63, 67, 75, 78, 79, 87, 88, 89]
[5, 10, 13, 18, 28, 31, 45, 49, 53, 65, 78, 79, 80, 86, 90]
[1, 22, 33, 38, 40, 41, 51, 52, 59, 62, 69, 70, 74, 78, 84]
[1, 14, 15, 20, 21, 22, 43, 45, 52, 55, 57, 62, 70, 74, 76]
[3, 12, 17, 25, 29, 35, 37, 59, 60, 66, 67, 78, 81, 85, 90]
[12, 23, 28, 31, 34, 39, 41, 43, 48, 50, 51, 60, 63, 69, 79]
[1, 10, 22, 36, 37, 40, 46, 53, 54, 60, 67, 74, 76, 79, 80]
[1, 4, 13, 15, 18, 29, 33, 35, 37, 51, 53, 63, 71, 72, 76]
[4, 16, 26, 35, 45, 46, 49, 57, 59, 62, 67, 75, 78, 79, 82]
[4, 16, 21, 26, 29, 31, 34, 40, 44, 59, 69, 76, 77, 78, 84]
[7, 13, 24, 35, 38, 39, 41, 48, 58, 59, 66, 68, 84, 88, 89]
[8, 10, 11, 19, 27, 30, 34, 38, 56, 57, 65, 77, 80, 81, 84]
[7, 12, 14, 34, 38, 45, 51, 54, 60, 62, 68, 76, 78, 89, 90]
[2, 6, 11, 22, 28, 35, 38, 46, 49, 54, 57, 69, 84, 87, 89]
[3, 15, 17, 19, 24, 34, 35, 38, 43, 54, 57, 59, 64, 72, 86]
[4, 10, 11, 22, 23, 33, 40, 47, 60, 61, 69, 79, 81, 84, 88]
[2, 10, 13, 21, 24, 28, 40, 47, 49, 52, 53, 61, 71, 76, 82]
[3, 6, 7, 12, 18, 25, 32, 45, 51, 60, 63, 79, 80, 86, 88]
[1, 5, 16, 27, 29, 31, 35, 36, 41, 42, 46, 58, 63, 81, 90]
[30, 32, 38, 42, 47, 50, 51, 66, 68, 70, 77, 78, 80, 85, 86]
[14, 15, 16, 21, 22, 29, 30, 36, 39, 42, 43, 68, 69, 74, 77]
[2, 11, 15, 17, 20, 23, 29, 32, 41, 45, 53, 58, 62, 64, 85]
[3, 5, 9, 15, 19, 23, 30, 35, 37, 40, 47, 64, 66, 69, 78]
[3, 5, 9, 14, 22, 28, 32, 34, 36, 41, 42, 51, 56, 71, 90]
[4, 5, 6, 10, 18, 19, 40, 41, 44, 50, 53, 58, 60, 75, 86]
[4, 7, 18, 27, 28, 34, 46, 47, 53, 65, 73, 76, 82, 88, 89]
[11, 23, 26, 27, 30, 33, 35, 51, 55, 72, 75, 77, 81, 83, 86]
[11, 15, 24, 28, 29, 33, 38, 39, 51, 60, 63, 64, 79, 81, 85]
[5, 6, 16, 28, 32, 35, 40, 43, 56, 61, 64, 66, 75, 83, 89]
[2, 3, 7, 12, 15, 19, 20, 24, 43, 45, 48, 55, 70, 71, 82]
[2, 10, 16, 25, 27, 29, 34, 43, 45, 50, 61, 64, 83, 86, 88]
[5, 7, 20, 33, 36, 40, 44, 49, 58, 65, 74, 75, 79, 85, 86]
[1, 6, 10, 13, 21, 33, 36, 38, 43, 55, 57, 61, 65, 66, 73]
[7, 14, 16, 18, 37, 41, 43, 50, 54, 57, 66, 69, 70, 84, 89]
[4, 11, 12, 15, 21, 30, 43, 45, 48, 57, 65, 74, 75, 76, 88]
[1, 8, 12, 16, 20, 25, 28, 49, 55, 58, 60, 63, 73, 83, 90]
[2, 14, 26, 27, 32, 37, 40, 43, 48, 50, 53, 57, 80, 87, 88]
[11, 13, 14, 22, 28, 35, 36, 39, 44, 55, 63, 75, 79, 81, 86]
[4, 8, 21, 22, 26, 37, 56, 62, 63, 68, 75, 77, 78, 81, 90]
[1, 8, 9, 10, 16, 31, 37, 43, 46, 51, 55, 57, 65, 73, 81]
[1, 3, 8, 11, 16, 23, 28, 33, 38, 47, 50, 53, 55, 60, 74]
[1, 16, 17, 19, 20, 23, 25, 39, 52, 63, 65, 68, 70, 71, 87]
[2, 10, 13, 19, 23, 26, 31, 33, 44, 52, 69, 74, 83, 89, 90]
[5, 7, 16, 27, 35, 38, 43, 50, 61, 65, 68, 74, 80, 86, 90]
[11, 13, 19, 20, 21, 22, 37, 38, 45, 51, 56, 60, 68, 82, 89]
[16, 17, 20, 29, 39, 41, 56, 62, 64, 66, 75, 78, 80, 82, 83]
[4, 9, 11, 18, 38, 40, 42, 45, 54, 55, 60, 61, 67, 74, 77]
[1, 5, 7, 17, 27, 37, 47, 53, 56, 59, 65, 70, 81, 83, 85]
[15, 17, 18, 24, 40, 46, 51, 57, 69, 73, 76, 78, 85, 87, 88]
[8, 18, 19, 21, 27, 32, 39, 51, 53, 58, 63, 75, 84, 85, 86]
[6, 9, 10, 12, 23, 27, 34, 51, 61, 69, 75, 78, 86, 88, 90]
[9, 22, 23, 28, 39, 43, 47, 53, 55, 62, 70, 76, 83, 85, 87]
[13, 14, 26, 29, 33, 34, 36, 47, 48, 49, 54, 57, 62, 74, 90]
[3, 19, 20, 24, 25, 37, 42, 47, 49, 53, 54, 63, 76, 81, 86]
[2, 12, 20, 22, 25, 31, 35, 39, 45, 47, 51, 57, 63, 66, 67]
[1, 4, 9, 12, 24, 49, 50, 58, 59, 61, 65, 74, 77, 80, 82]
[1, 4, 6, 29, 32, 38, 40, 47, 55, 61, 65, 69, 71, 77, 86]
[4, 5, 20, 22, 32, 35, 41, 43, 45, 55, 57, 65, 86, 87, 89]
[4, 5, 9, 20, 28, 47, 49, 51, 52, 62, 69, 74, 85, 87, 90]
[2, 5, 13, 18, 19, 31, 35, 36, 46, 48, 51, 53, 78, 85, 89]
[4, 14, 15, 18, 21, 23, 28, 35, 38, 52, 72, 78, 83, 84, 88]
[2, 8, 9, 18, 27, 28, 34, 41, 44, 61, 75, 79, 80, 81, 82]
[7, 8, 21, 30, 35, 38, 41, 60, 65, 70, 71, 74, 84, 88, 90]
[16, 22, 24, 25, 30, 47, 51, 53, 54, 61, 62, 64, 73, 80, 88]
[8, 13, 17, 22, 27, 29, 32, 40, 53, 62, 64, 77, 80, 84, 89]
[2, 8, 10, 11, 12, 20, 23, 25, 52, 55, 56, 75, 78, 89, 90]
[2, 4, 15, 19, 20, 21, 29, 30, 35, 41, 61, 68, 70, 71, 84]
[5, 8, 9, 11, 14, 22, 28, 29, 40, 43, 62, 67, 69, 77, 85]
[2, 15, 20, 23, 27, 32, 41, 42, 45, 69, 72, 79, 81, 85, 87]
[6, 10, 12, 21, 22, 33, 34, 40, 42, 54, 55, 73, 75, 77, 86]
[2, 13, 28, 36, 38, 39, 47, 49, 52, 58, 62, 64, 66, 85, 88]
[12, 18, 22, 31, 35, 36, 40, 43, 44, 65, 70, 78, 81, 83, 88]
[6, 9, 12, 20, 23, 29, 46, 49, 59, 61, 65, 72, 75, 80, 88]
[5, 10, 14, 18, 28, 36, 37, 38, 41, 43, 58, 64, 69, 79, 89]
[13, 21, 27, 30, 38, 41, 50, 58, 67, 72, 76, 77, 85, 86, 90]
[2, 12, 13, 16, 30, 34, 35, 52, 56, 59, 62, 71, 75, 76, 88]
[11, 13, 18, 23, 24, 27, 32, 35, 41, 42, 47, 65, 74, 77, 85]
[1, 16, 20, 28, 31, 39, 43, 44, 45, 59, 60, 69, 72, 82, 84]
[3, 8, 9, 16, 18, 31, 39, 42, 61, 62, 70, 73, 76, 85, 87]
[1, 2, 4, 17, 28, 36, 37, 38, 42, 45, 57, 66, 67, 72, 79]
[1, 4, 5, 13, 16, 24, 43, 45, 49, 53, 65, 68, 70, 74, 75]
[1, 16, 30, 31, 34, 52, 53, 57, 65, 66, 76, 78, 79, 83, 87]
[1, 6, 7, 10, 19, 21, 25, 29, 32, 37, 48, 54, 70, 78, 90]
[2, 9, 12, 39, 42, 49, 50, 63, 66, 67, 70, 72, 76, 82, 83]
[12, 14, 17, 24, 30, 35, 38, 40, 56, 58, 71, 72, 78, 87, 88]
[10, 13, 16, 21, 26, 36, 40, 47, 49, 50, 54, 66, 71, 85, 87]
[1, 5, 9, 15, 16, 17, 22, 25, 27, 34, 39, 41, 63, 84, 89]
[7, 10, 19, 22, 28, 29, 36, 39, 52, 57, 71, 72, 73, 82, 84]
[6, 14, 19, 23, 25, 30, 31, 39, 40, 66, 72, 74, 81, 83, 89]
[5, 8, 22, 34, 36, 43, 50, 51, 53, 60, 67, 74, 83, 87, 90]
[7, 10, 15, 18, 34, 35, 37, 45, 53, 59, 64, 65, 72, 76, 86]
[8, 16, 20, 26, 29, 35, 37, 55, 57, 60, 61, 63, 80, 86, 90]
[8, 16, 22, 25, 32, 48, 55, 58, 63, 67, 69, 73, 79, 84, 90]
[1, 2, 5, 23, 28, 35, 40, 43, 49, 55, 65, 76, 77, 83, 88]
[14, 25, 27, 28, 35, 48, 53, 55, 58, 65, 67, 71, 78, 82, 89]
[8, 16, 19, 25, 26, 29, 45, 53, 54, 57, 62, 64, 72, 78, 87]
[14, 18, 24, 42, 50, 51, 53, 60, 66, 69, 72, 78, 79, 81, 85]
[5, 6, 12, 14, 16, 21, 25, 28, 30, 32, 39, 46, 57, 87, 90]
[1, 9, 20, 29, 35, 36, 43, 49, 52, 53, 66, 78, 81, 82, 84]
[8, 11, 16, 20, 28, 29, 33, 40, 41, 45, 65, 67, 71, 83, 87]
[7, 15, 20, 22, 25, 38, 39, 61, 66, 69, 70, 72, 83, 87, 89]
[9, 11, 14, 18, 27, 34, 38, 44, 46, 47, 58, 59, 62, 63, 71]
[19, 24, 29, 41, 42, 43, 51, 53, 59, 61, 62, 68, 72, 84, 90]
[4, 6, 18, 32, 39, 40, 42, 48, 52, 64, 66, 72, 80, 82, 83]
[7, 8, 15, 23, 26, 42, 56, 57, 61, 66, 73, 78, 80, 85, 87]
[4, 11, 16, 32, 36, 44, 45, 52, 57, 58, 70, 71, 83, 86, 87]
[11, 12, 20, 23, 24, 41, 52, 56, 57, 61, 71, 77, 79, 82, 83]
[2, 5, 8, 16, 26, 37, 38, 49, 53, 54, 59, 62, 67, 75, 76]
[4, 9, 21, 32, 34, 40, 42, 47, 59, 60, 68, 73, 78, 84, 85]
[9, 11, 21, 22, 30, 36, 53, 58, 59, 62, 63, 68, 79, 80, 87]
[8, 11, 16, 25, 43, 47, 50, 55, 59, 72, 76, 79, 80, 87, 88]
[6, 10, 15, 16, 20, 23, 27, 51, 54, 58, 75, 78, 79, 80, 90]
[1, 13, 18, 24, 34, 35, 40, 42, 55, 58, 62, 76, 78, 82, 84]
[3, 8, 15, 26, 40, 41, 49, 56, 59, 62, 69, 70, 76, 79, 90]
[2, 4, 16, 23, 24, 27, 31, 36, 47, 65, 67, 72, 82, 86, 88]
[1, 2, 11, 16, 28, 31, 32, 36, 42, 51, 57, 58, 63, 69, 84]
[5, 11, 12, 30, 38, 40, 41, 51, 52, 59, 64, 74, 80, 84, 85]
[1, 13, 20, 32, 44, 47, 49, 52, 55, 56, 76, 79, 82, 85, 87]
[32, 35, 40, 43, 46, 53, 59, 62, 63, 64, 70, 76, 80, 82, 89]
[6, 18, 23, 33, 38, 40, 55, 59, 60, 63, 65, 77, 83, 86, 88]
[4, 16, 17, 20, 29, 34, 44, 51, 54, 59, 60, 63, 66, 71, 86]
[6, 19, 28, 30, 33, 39, 43, 58, 59, 62, 70, 72, 77, 85, 86]
[10, 18, 24, 25, 28, 32, 42, 47, 55, 57, 62, 63, 65, 70, 77]
[3, 4, 7, 11, 24, 28, 33, 37, 41, 45, 47, 75, 78, 82, 86]
[1, 4, 5, 11, 16, 24, 32, 45, 50, 57, 58, 65, 75, 76, 86]
[2, 3, 6, 10, 17, 21, 24, 28, 39, 46, 55, 74, 77, 82, 86]
[5, 6, 7, 20, 30, 38, 43, 46, 49, 53, 62, 63, 64, 78, 84]
[18, 22, 27, 39, 41, 47, 52, 57, 63, 64, 77, 79, 82, 85, 86]
[4, 6, 8, 14, 15, 19, 21, 30, 36, 40, 66, 69, 73, 87, 89]
[5, 9, 13, 19, 28, 33, 37, 45, 54, 58, 64, 67, 71, 80, 88]
[3, 4, 8, 19, 30, 41, 44, 54, 58, 59, 60, 61, 74, 78, 79]
[2, 5, 12, 14, 22, 31, 48, 51, 68, 72, 73, 77, 81, 88, 90]
[5, 8, 15, 20, 32, 42, 46, 56, 67, 68, 72, 74, 82, 83, 90]
[4, 13, 22, 23, 31, 35, 44, 46, 48, 51, 65, 69, 74, 85, 86]
[9, 10, 11, 20, 34, 42, 46, 48, 53, 59, 65, 66, 68, 70, 82]
[8, 12, 15, 16, 26, 38, 48, 52, 54, 61, 71, 72, 75, 82, 87]
[10, 23, 25, 35, 45, 47, 49, 60, 61, 62, 73, 74, 75, 85, 89]
[12, 19, 21, 38, 42, 43, 49, 64, 65, 68, 72, 75, 82, 83, 89]
[6, 8, 10, 11, 21, 24, 33, 38, 45, 47, 48, 50, 59, 64, 76]
[1, 13, 18, 23, 37, 40, 43, 46, 53, 58, 61, 64, 68, 87, 90]
[11, 14, 22, 28, 45, 47, 55, 59, 60, 61, 66, 72, 74, 76, 80]
[2, 8, 15, 17, 20, 27, 40, 55, 56, 63, 66, 69, 71, 74, 75]
[2, 4, 18, 25, 52, 55, 56, 63, 67, 68, 74, 78, 80, 83, 88]
[2, 5, 16, 18, 23, 31, 34, 36, 43, 47, 54, 62, 64, 70, 87]
[4, 15, 23, 31, 37, 42, 45, 47, 52, 53, 61, 74, 77, 88, 90]
[6, 15, 19, 24, 25, 34, 35, 36, 49, 50, 63, 65, 69, 83, 88]
[3, 11, 14, 26, 28, 52, 53, 55, 62, 65, 71, 73, 74, 89, 90]
[4, 5, 17, 28, 31, 35, 37, 43, 56, 58, 61, 62, 65, 79, 84]
[2, 5, 9, 19, 36, 38, 43, 52, 63, 67, 68, 73, 83, 85, 90]
[8, 15, 24, 32, 35, 39, 44, 47, 60, 63, 70, 72, 73, 82, 90]
[11, 17, 29, 30, 31, 32, 40, 44, 46, 53, 57, 67, 79, 81, 86]
[8, 14, 16, 20, 24, 26, 38, 42, 59, 61, 69, 71, 85, 89, 90]
[4, 11, 14, 34, 37, 38, 47, 49, 50, 59, 71, 73, 77, 81, 82]
[17, 18, 19, 20, 27, 32, 33, 34, 67, 70, 78, 79, 86, 88, 90]
[12, 18, 26, 32, 33, 44, 47, 49, 50, 51, 54, 61, 68, 72, 83]
[10, 13, 18, 21, 22, 23, 31, 35, 50, 65, 71, 74, 79, 85, 88]
[10, 18, 19, 34, 38, 41, 45, 51, 61, 62, 69, 79, 80, 86, 88]
[8, 10, 11, 13, 23, 30, 37, 41, 45, 49, 53, 58, 65, 76, 77]
[2, 13, 15, 20, 32, 37, 39, 44, 45, 57, 69, 77, 86, 89, 90]
[2, 8, 11, 12, 19, 22, 25, 26, 56, 58, 60, 62, 70, 81, 85]
[13, 17, 20, 33, 36, 37, 44, 46, 50, 52, 61, 66, 72, 84, 88]
[4, 9, 10, 14, 17, 22, 30, 31, 38, 40, 50, 60, 63, 71, 74]
[3, 4, 8, 13, 25, 33, 35, 43, 46, 51, 56, 58, 60, 74, 83]
[3, 6, 8, 12, 16, 17, 21, 32, 37, 51, 59, 61, 75, 76, 87]
[15, 21, 28, 30, 32, 35, 51, 63, 64, 70, 73, 76, 81, 85, 87]
[6, 14, 15, 25, 27, 32, 41, 60, 64, 68, 70, 72, 80, 81, 86]
[2, 4, 7, 13, 14, 20, 21, 35, 43, 47, 49, 54, 66, 68, 86]
[12, 22, 28, 34, 43, 47, 48, 58, 59, 65, 68, 77, 84, 88, 89]
[11, 18, 20, 38, 47, 48, 50, 51, 52, 62, 68, 69, 78, 79, 86]
[9, 10, 11, 27, 29, 30, 41, 48, 52, 54, 63, 70, 84, 86, 90]
[2, 3, 21, 22, 33, 38, 45, 60, 62, 65, 70, 73, 82, 86, 87]
[3, 5, 21, 26, 28, 32, 36, 41, 43, 59, 65, 68, 69, 74, 75]
[2, 4, 12, 13, 15, 21, 24, 30, 52, 65, 69, 77, 82, 86, 87]
[3, 13, 15, 22, 30, 32, 48, 51, 61, 68, 74, 76, 78, 81, 83]
[14, 25, 28, 32, 35, 45, 52, 61, 66, 71, 75, 76, 86, 87, 88]
[4, 11, 17, 19, 25, 28, 34, 37, 38, 43, 51, 69, 72, 85, 87]
[3, 11, 15, 18, 21, 25, 33, 34, 55, 63, 65, 70, 74, 81, 89]
[1, 7, 8, 14, 17, 22, 44, 49, 56, 59, 61, 62, 69, 77, 79]
[3, 22, 23, 28, 31, 37, 48, 52, 53, 54, 60, 66, 80, 84, 86]
[3, 4, 9, 12, 16, 29, 45, 51, 53, 57, 62, 79, 80, 83, 87]
[4, 6, 8, 14, 17, 19, 23, 25, 29, 31, 35, 49, 50, 60, 65]
[3, 6, 8, 13, 32, 36, 39, 54, 57, 59, 62, 72, 76, 84, 87]
[13, 23, 25, 33, 39, 40, 47, 49, 50, 56, 59, 72, 79, 83, 84]
[5, 17, 19, 21, 28, 34, 35, 47, 53, 58, 62, 65, 69, 80, 83]
[4, 10, 23, 33, 43, 46, 58, 62, 69, 70, 77, 78, 80, 89, 90]
[1, 7, 8, 15, 31, 42, 47, 48, 53, 57, 60, 64, 84, 85, 86]
[11, 12, 15, 29, 35, 44, 48, 49, 53, 54, 61, 62, 63, 82, 85]
[8, 10, 11, 13, 22, 26, 34, 36, 38, 45, 50, 56, 57, 65, 72]
[3, 6, 15, 22, 26, 33, 36, 38, 41, 61, 65, 66, 81, 82, 89]
[15, 16, 21, 27, 30, 34, 41, 47, 61, 66, 68, 70, 79, 82, 84]
[2, 7, 22, 25, 30, 36, 39, 48, 51, 57, 65, 70, 73, 77, 87]
[3, 5, 8, 13, 24, 38, 39, 41, 42, 45, 55, 68, 80, 83, 87]
[4, 7, 22, 30, 38, 41, 42, 49, 63, 64, 73, 76, 78, 84, 86]
[4, 6, 26, 34, 40, 47, 54, 59, 62, 70, 73, 78, 81, 86, 87]
[1, 2, 6, 11, 12, 21, 24, 29, 30, 37, 38, 47, 51, 81, 85]
[4, 7, 14, 20, 28, 29, 30, 48, 49, 58, 70, 76, 81, 83, 90]
[7, 13, 26, 30, 34, 35, 40, 47, 48, 52, 56, 62, 72, 77, 89]
[3, 9, 10, 15, 18, 23, 28, 31, 40, 42, 44, 69, 76, 80, 83]
[8, 15, 18, 19, 23, 26, 36, 37, 40, 45, 63, 65, 70, 81, 83]
[5, 27, 30, 36, 39, 49, 56, 57, 59, 62, 66, 73, 75, 78, 88]
[5, 7, 8, 14, 24, 27, 39, 40, 41, 47, 54, 60, 63, 66, 73]
[2, 8, 20, 34, 36, 40, 46, 48, 51, 59, 63, 69, 70, 78, 90]
[4, 7, 24, 26, 35, 37, 39, 41, 53, 64, 68, 70, 72, 88, 90]
[5, 6, 11, 27, 28, 31, 34, 35, 45, 51, 62, 65, 71, 80, 85]
[16, 24, 26, 29, 33, 53, 54, 58, 62, 63, 69, 71, 74, 80, 86]
[5, 6, 7, 23, 29, 32, 33, 46, 65, 67, 78, 79, 80, 85, 89]
[9, 13, 19, 22, 30, 44, 56, 60, 62, 69, 76, 77, 81, 82, 90]
[6, 7, 8, 10, 12, 21, 26, 29, 50, 55, 58, 63, 70, 87, 88]
[2, 3, 5, 13, 18, 19, 36, 41, 46, 59, 62, 65, 68, 72, 84]
[1, 8, 13, 15, 25, 26, 38, 40, 65, 67, 70, 71, 74, 87, 89]
[1, 7, 9, 10, 20, 24, 28, 45, 57, 68, 71, 78, 81, 82, 86]
[1, 9, 12, 26, 35, 40, 42, 46, 53, 62, 73, 79, 80, 83, 87]
[1, 6, 11, 21, 25, 27, 32, 40, 52, 61, 68, 69, 79, 80, 84]
[1, 2, 9, 13, 18, 34, 36, 43, 49, 54, 58, 69, 73, 83, 87]
[1, 7, 8, 10, 17, 21, 22, 28, 30, 46, 54, 55, 58, 60, 79]
[3, 4, 8, 11, 14, 19, 22, 24, 40, 41, 46, 65, 71, 73, 80]
[2, 8, 9, 16, 23, 25, 30, 32, 34, 42, 44, 58, 73, 80, 86]
[18, 20, 22, 32, 36, 50, 56, 59, 63, 66, 74, 75, 78, 87, 89]
[5, 7, 8, 11, 13, 20, 31, 37, 56, 58, 61, 74, 76, 85, 90]
[1, 4, 5, 15, 34, 35, 37, 51, 53, 57, 63, 64, 67, 71, 83]
[16, 18, 20, 22, 25, 33, 40, 45, 60, 62, 77, 79, 83, 84, 85]
[11, 13, 20, 23, 24, 32, 37, 45, 52, 54, 58, 72, 74, 78, 80]
[6, 21, 22, 27, 34, 42, 43, 48, 52, 54, 57, 76, 81, 85, 86]
[8, 16, 17, 18, 30, 38, 40, 48, 49, 52, 56, 70, 82, 88, 90]
[1, 22, 24, 26, 43, 46, 48, 52, 67, 72, 74, 75, 80, 81, 88]
[3, 12, 15, 17, 20, 31, 37, 46, 49, 62, 63, 76, 80, 82, 86]
[8, 13, 15, 18, 25, 33, 41, 42, 43, 54, 72, 79, 86, 87, 90]
[3, 8, 10, 16, 24, 35, 40, 44, 48, 50, 53, 62, 67, 80, 86]
[5, 10, 12, 17, 29, 41, 46, 52, 55, 59, 63, 70, 78, 79, 89]
[4, 9, 10, 13, 24, 26, 47, 50, 60, 63, 69, 77, 84, 85, 87]
[1, 4, 9, 18, 19, 24, 32, 40, 43, 47, 57, 59, 63, 70, 79]
[4, 8, 16, 19, 25, 30, 37, 38, 45, 47, 56, 61, 70, 81, 89]
[4, 9, 15, 19, 25, 34, 38, 39, 43, 49, 54, 59, 66, 80, 84]
[16, 20, 26, 28, 31, 36, 39, 41, 43, 44, 58, 69, 75, 78, 80]
[1, 12, 13, 17, 28, 30, 34, 46, 47, 48, 50, 61, 66, 82, 88]
[5, 17, 24, 29, 32, 35, 38, 43, 45, 59, 64, 66, 70, 78, 86]
[1, 10, 13, 22, 24, 28, 34, 35, 41, 42, 57, 63, 65, 72, 79]
[2, 3, 9, 10, 15, 20, 26, 36, 37, 42, 45, 49, 52, 63, 67]
[5, 11, 13, 14, 20, 22, 39, 44, 51, 52, 61, 62, 66, 83, 87]
[1, 6, 8, 28, 30, 38, 39, 44, 47, 51, 60, 64, 71, 84, 85]
[2, 4, 5, 10, 11, 13, 22, 40, 41, 42, 53, 59, 70, 73, 76]
[5, 8, 9, 11, 13, 14, 20, 30, 37, 38, 42, 46, 81, 85, 90]
[3, 5, 8, 16, 22, 33, 35, 36, 41, 42, 56, 59, 61, 64, 89]
[1, 10, 16, 24, 28, 33, 37, 45, 46, 49, 52, 73, 75, 89, 90]
[8, 9, 22, 23, 26, 41, 44, 51, 59, 61, 63, 68, 81, 87, 90]
[7, 18, 25, 34, 41, 46, 47, 58, 68, 74, 76, 78, 85, 88, 90]
[7, 18, 30, 33, 39, 40, 50, 53, 57, 66, 72, 73, 81, 84, 89]
[4, 12, 23, 25, 29, 36, 47, 53, 55, 65, 66, 73, 78, 79, 89]
[1, 6, 13, 14, 20, 33, 34, 38, 51, 70, 71, 77, 81, 82, 87]
[3, 13, 24, 28, 33, 37, 38, 41, 44, 51, 70, 71, 72, 81, 88]
[6, 7, 8, 25, 27, 30, 35, 37, 53, 66, 72, 75, 77, 81, 90]
[1, 9, 10, 26, 35, 36, 41, 47, 48, 51, 58, 62, 71, 72, 81]
[3, 12, 15, 31, 32, 36, 46, 49, 53, 55, 56, 63, 64, 68, 86]
[1, 6, 25, 28, 33, 36, 37, 51, 63, 65, 70, 74, 80, 86, 90]
[11, 20, 21, 29, 32, 35, 41, 43, 50, 51, 59, 65, 76, 81, 87]
[1, 2, 8, 23, 29, 32, 34, 43, 45, 46, 54, 59, 66, 73, 81]
[3, 7, 12, 30, 31, 41, 45, 50, 56, 60, 70, 78, 83, 85, 87]
[2, 7, 9, 18, 27, 33, 55, 57, 65, 68, 70, 73, 78, 88, 89]
[12, 15, 25, 27, 29, 31, 36, 38, 40, 45, 48, 53, 65, 78, 86]
[15, 34, 37, 39, 43, 49, 54, 55, 58, 66, 73, 75, 82, 83, 88]
[13, 15, 19, 32, 33, 40, 42, 50, 52, 58, 62, 72, 76, 78, 81]
[4, 10, 15, 18, 20, 24, 31, 33, 34, 49, 50, 60, 65, 72, 78]
[23, 28, 29, 30, 34, 35, 41, 47, 49, 54, 56, 57, 66, 76, 83]
[16, 18, 24, 26, 30, 34, 45, 54, 59, 60, 61, 70, 76, 78, 86]
[5, 9, 10, 16, 26, 28, 31, 36, 39, 42, 49, 60, 76, 83, 84]
[10, 11, 15, 22, 27, 36, 39, 59, 68, 71, 74, 75, 81, 84, 89]
[1, 2, 10, 16, 17, 33, 37, 47, 51, 58, 59, 73, 77, 79, 83]
[1, 2, 5, 17, 18, 30, 38, 42, 43, 50, 62, 77, 80, 84, 88]
[14, 22, 23, 24, 36, 39, 41, 42, 46, 51, 56, 68, 69, 71, 87]
[1, 8, 10, 13, 15, 28, 39, 41, 45, 46, 57, 60, 64, 69, 71]
[3, 4, 7, 15, 38, 40, 48, 59, 62, 70, 72, 79, 81, 86, 87]
[3, 5, 14, 15, 21, 25, 26, 46, 50, 59, 64, 73, 76, 85, 90]
[12, 15, 19, 29, 32, 46, 47, 48, 56, 57, 62, 77, 79, 82, 85]
[5, 7, 12, 16, 21, 25, 32, 41, 47, 48, 51, 53, 57, 69, 90]
[3, 13, 17, 19, 21, 22, 30, 40, 48, 53, 54, 63, 66, 68, 86]
[5, 7, 9, 17, 23, 34, 36, 37, 48, 57, 68, 73, 81, 85, 89]
[3, 8, 12, 13, 33, 36, 43, 44, 57, 64, 70, 77, 81, 83, 84]
[5, 10, 11, 15, 26, 29, 34, 37, 43, 53, 63, 68, 75, 83, 89]
[3, 10, 12, 14, 22, 30, 36, 37, 43, 46, 58, 60, 63, 83, 87]
[1, 2, 15, 19, 44, 45, 52, 55, 62, 64, 66, 77, 80, 82, 87]
[8, 14, 15, 18, 29, 31, 37, 38, 47, 51, 62, 65, 78, 79, 82]
[6, 12, 16, 23, 25, 44, 52, 53, 58, 60, 65, 69, 78, 79, 85]
[7, 8, 22, 35, 38, 41, 54, 65, 68, 71, 75, 76, 81, 84, 86]
[9, 16, 19, 23, 27, 30, 31, 43, 63, 66, 67, 72, 85, 87, 89]
[5, 7, 13, 33, 36, 48, 53, 58, 61, 63, 69, 71, 75, 79, 86]
[5, 12, 17, 25, 26, 34, 39, 40, 44, 45, 59, 60, 62, 70, 72]
[2, 3, 19, 21, 25, 28, 36, 39, 41, 44, 53, 71, 78, 80, 89]
[3, 9, 22, 36, 45, 47, 54, 55, 61, 63, 67, 72, 76, 88, 90]
[5, 7, 11, 17, 18, 20, 33, 36, 41, 44, 45, 50, 53, 61, 90]
[10, 12, 18, 23, 37, 39, 41, 44, 48, 52, 54, 58, 68, 81, 88]
[5, 9, 19, 22, 30, 33, 43, 52, 53, 54, 61, 65, 70, 72, 80]
[1, 7, 9, 15, 28, 42, 47, 54, 55, 64, 69, 76, 84, 86, 90]
[6, 17, 24, 25, 27, 38, 48, 53, 55, 59, 63, 69, 71, 82, 90]
[1, 3, 4, 11, 22, 32, 46, 55, 56, 59, 67, 72, 75, 83, 88]
[1, 5, 8, 20, 32, 34, 36, 45, 47, 53, 69, 72, 75, 77, 90]
[2, 3, 11, 14, 20, 21, 31, 32, 34, 52, 59, 65, 79, 80, 83]
[11, 13, 27, 28, 30, 34, 41, 44, 46, 51, 71, 77, 88, 89, 90]
[4, 14, 15, 20, 25, 39, 40, 46, 51, 61, 68, 71, 78, 84, 86]
[1, 7, 13, 14, 39, 48, 49, 51, 63, 64, 66, 70, 78, 86, 89]
[1, 3, 4, 17, 18, 20, 23, 27, 33, 38, 42, 46, 50, 61, 71]
[4, 9, 31, 36, 45, 48, 52, 55, 57, 64, 66, 73, 86, 87, 90]
[10, 16, 22, 29, 40, 54, 56, 66, 67, 71, 76, 78, 82, 83, 89]
[3, 13, 38, 45, 46, 48, 56, 61, 64, 75, 76, 79, 85, 88, 89]
[10, 23, 30, 33, 38, 40, 44, 51, 54, 61, 65, 68, 72, 78, 86]
[7, 10, 12, 17, 23, 26, 30, 39, 50, 54, 58, 70, 71, 75, 81]
[6, 16, 22, 24, 33, 35, 43, 46, 47, 50, 53, 56, 66, 80, 82]
[1, 2, 11, 12, 13, 28, 30, 40, 48, 51, 56, 58, 79, 82, 84]
[6, 11, 13, 23, 25, 35, 36, 37, 46, 53, 64, 69, 73, 79, 87]
[15, 24, 26, 29, 30, 33, 37, 58, 59, 62, 67, 68, 77, 85, 90]
[1, 10, 12, 18, 25, 38, 39, 40, 48, 49, 56, 79, 80, 82, 83]
[10, 17, 19, 22, 27, 34, 47, 49, 50, 55, 68, 76, 80, 87, 90]
[10, 17, 19, 20, 24, 27, 31, 38, 56, 58, 65, 73, 74, 76, 82]
[6, 9, 11, 21, 24, 35, 41, 49, 50, 54, 62, 67, 75, 79, 89]
[10, 19, 34, 39, 40, 41, 50, 51, 59, 60, 65, 71, 76, 77, 90]
[2, 12, 15, 30, 41, 46, 54, 60, 64, 67, 72, 75, 77, 83, 89]
[5, 22, 26, 28, 36, 42, 46, 48, 59, 66, 74, 79, 80, 81, 88]
[2, 3, 6, 30, 33, 34, 46, 48, 49, 50, 66, 67, 69, 80, 81]
[6, 8, 9, 11, 31, 34, 38, 45, 47, 50, 51, 68, 70, 74, 77]
[4, 9, 18, 19, 21, 25, 26, 39, 52, 62, 64, 65, 77, 78, 85]
[4, 5, 13, 19, 25, 41, 45, 49, 60, 64, 68, 78, 81, 88, 90]
[2, 5, 12, 17, 23, 34, 36, 46, 52, 58, 65, 66, 70, 72, 73]
[5, 7, 8, 11, 27, 30, 33, 40, 49, 50, 73, 74, 75, 84, 85]
[1, 6, 8, 10, 15, 20, 23, 28, 37, 38, 44, 60, 70, 78, 84]
[7, 8, 15, 20, 21, 26, 32, 36, 39, 41, 61, 68, 83, 85, 89]
[1, 9, 18, 24, 32, 36, 39, 46, 54, 62, 67, 68, 81, 83, 89]
[4, 9, 23, 26, 27, 30, 33, 43, 46, 56, 57, 60, 74, 75, 89]
[1, 6, 12, 16, 17, 20, 26, 38, 40, 45, 49, 52, 56, 57, 90]
[10, 13, 18, 26, 28, 29, 37, 42, 45, 49, 67, 69, 83, 86, 90]
[3, 6, 13, 14, 19, 24, 47, 54, 56, 60, 68, 70, 73, 77, 90]
[6, 8, 11, 13, 17, 20, 22, 26, 34, 45, 60, 61, 65, 77, 89]
[9, 13, 16, 20, 33, 36, 46, 49, 58, 59, 67, 72, 73, 75, 84]
[10, 16, 22, 23, 26, 32, 33, 37, 41, 45, 63, 64, 68, 72, 78]
[5, 7, 10, 14, 17, 21, 25, 28, 36, 61, 63, 67, 79, 89, 90]
[6, 15, 19, 20, 34, 43, 45, 56, 68, 73, 76, 77, 85, 88, 89]
[5, 13, 15, 17, 20, 23, 28, 36, 39, 56, 60, 61, 66, 71, 74]
[1, 3, 18, 29, 30, 32, 36, 41, 53, 54, 60, 69, 74, 83, 84]
[2, 16, 17, 27, 28, 34, 48, 55, 59, 63, 67, 74, 75, 77, 84]
[6, 14, 26, 32, 36, 40, 44, 49, 55, 60, 61, 73, 77, 84, 88]
[11, 13, 18, 35, 39, 40, 43, 50, 55, 60, 73, 74, 80, 81, 88]
[11, 32, 35, 37, 43, 45, 48, 62, 66, 70, 72, 75, 85, 87, 88]
[3, 7, 21, 24, 27, 30, 36, 40, 41, 44, 50, 51, 57, 68, 76]
[7, 8, 14, 23, 25, 29, 32, 34, 46, 51, 64, 73, 81, 82, 85]
[5, 6, 9, 13, 33, 35, 39, 61, 63, 68, 72, 74, 80, 81, 87]
[4, 8, 9, 15, 26, 35, 40, 42, 48, 57, 61, 63, 85, 89, 90]
[8, 15, 32, 38, 42, 47, 59, 66, 68, 73, 76, 78, 80, 81, 88]
[2, 3, 10, 16, 26, 32, 33, 48, 51, 58, 66, 69, 70, 76, 86]
[15, 22, 24, 29, 35, 36, 42, 43, 49, 51, 53, 57, 60, 72, 82]
[5, 9, 15, 16, 26, 36, 44, 45, 47, 52, 63, 66, 80, 86, 88]
[10, 16, 33, 36, 38, 42, 43, 44, 51, 62, 67, 70, 72, 79, 87]
[2, 10, 11, 34, 39, 40, 43, 45, 54, 68, 70, 77, 79, 80, 83]
[1, 3, 6, 14, 16, 18, 22, 26, 42, 43, 44, 63, 69, 75, 82]
[6, 8, 9, 13, 24, 28, 30, 33, 36, 53, 57, 60, 61, 65, 87]
[1, 19, 21, 28, 29, 37, 46, 53, 55, 58, 61, 65, 68, 85, 86]
[1, 9, 12, 14, 15, 20, 26, 29, 42, 43, 66, 69, 73, 80, 82]
[2, 6, 15, 18, 28, 35, 38, 40, 53, 57, 58, 67, 69, 72, 75]
[5, 6, 11, 23, 27, 38, 43, 48, 56, 61, 62, 68, 78, 80, 89]
[2, 3, 4, 16, 20, 24, 40, 43, 57, 59, 63, 74, 81, 85, 89]
[3, 7, 8, 11, 15, 32, 38, 39, 42, 50, 59, 69, 77, 80, 90]
[3, 4, 18, 22, 25, 28, 30, 31, 40, 47, 56, 65, 72, 79, 86]
[1, 8, 11, 13, 19, 26, 32, 35, 37, 43, 48, 54, 67, 71, 84]
[2, 7, 16, 22, 23, 41, 44, 47, 50, 53, 64, 67, 72, 79, 87]
[2, 9, 17, 23, 35, 36, 52, 58, 62, 64, 67, 70, 80, 87, 88]
[3, 7, 10, 12, 20, 25, 52, 57, 59, 60, 63, 66, 73, 74, 89]
[9, 20, 25, 26, 30, 32, 43, 52, 53, 60, 68, 69, 77, 78, 90]
[9, 14, 22, 24, 33, 34, 39, 44, 52, 62, 70, 74, 79, 87, 89]
[2, 4, 8, 26, 34, 39, 42, 45, 49, 52, 58, 66, 67, 77, 82]
[2, 4, 16, 23, 24, 41, 44, 48, 57, 59, 62, 67, 78, 81, 89]
[3, 19, 24, 34, 37, 38, 49, 52, 62, 65, 66, 77, 82, 86, 88]
[1, 8, 19, 23, 26, 30, 48, 55, 56, 62, 66, 70, 76, 88, 90]
[5, 6, 25, 31, 36, 38, 40, 44, 45, 59, 71, 74, 81, 88, 90]
[1, 8, 19, 28, 31, 43, 48, 52, 57, 73, 76, 78, 83, 89, 90]
[9, 28, 32, 34, 38, 44, 48, 55, 62, 65, 66, 71, 76, 88, 89]
[2, 11, 19, 23, 25, 39, 44, 48, 52, 54, 56, 70, 77, 79, 85]
[1, 6, 8, 17, 24, 25, 27, 48, 50, 51, 63, 73, 80, 83, 86]
[6, 14, 22, 36, 42, 45, 59, 64, 66, 67, 70, 74, 76, 80, 90]
[3, 11, 14, 27, 30, 34, 54, 58, 68, 69, 70, 71, 78, 85, 87]
[1, 6, 7, 18, 23, 24, 27, 34, 35, 36, 42, 57, 73, 74, 78]
[6, 7, 15, 16, 32, 35, 37, 47, 48, 51, 59, 70, 77, 85, 89]
[1, 3, 8, 21, 51, 58, 59, 61, 62, 74, 76, 79, 82, 87, 88]
[8, 11, 12, 27, 28, 36, 48, 56, 66, 70, 76, 77, 80, 82, 88]
[3, 6, 10, 25, 28, 38, 44, 45, 50, 55, 62, 70, 75, 83, 86]
[5, 10, 29, 33, 36, 43, 47, 48, 55, 60, 67, 74, 80, 85, 86]
[1, 7, 10, 23, 29, 36, 38, 43, 60, 61, 68, 73, 75, 82, 90]
[3, 4, 21, 23, 27, 38, 52, 54, 56, 64, 73, 76, 82, 83, 90]
[1, 4, 22, 23, 36, 40, 52, 57, 63, 69, 71, 72, 73, 80, 82]
[8, 27, 30, 34, 41, 44, 55, 57, 65, 71, 72, 77, 83, 84, 90]
[13, 14, 19, 28, 31, 37, 38, 42, 58, 65, 69, 71, 81, 82, 86]
[1, 2, 13, 16, 22, 23, 29, 38, 46, 59, 63, 67, 75, 80, 82]
[11, 14, 17, 31, 41, 42, 47, 52, 55, 59, 71, 73, 75, 80, 88]
[4, 11, 21, 23, 26, 36, 39, 40, 48, 51, 52, 59, 65, 69, 74]
[14, 17, 22, 23, 31, 37, 41, 48, 50, 56, 63, 74, 78, 85, 86]
[6, 7, 17, 23, 29, 35, 38, 42, 44, 53, 59, 65, 71, 72, 82]
[7, 19, 25, 32, 33, 36, 43, 51, 52, 56, 73, 74, 79, 80, 86]
[17, 20, 21, 28, 31, 32, 43, 45, 53, 54, 58, 75, 79, 80, 89]
[9, 10, 14, 20, 28, 29, 47, 55, 61, 64, 69, 75, 85, 87, 90]
[1, 8, 22, 23, 36, 39, 44, 47, 51, 53, 61, 77, 82, 83, 86]
[5, 6, 15, 20, 36, 38, 43, 44, 46, 50, 54, 64, 65, 81, 87]
[9, 30, 31, 32, 42, 47, 54, 55, 62, 66, 71, 74, 76, 81, 85]
[6, 13, 23, 26, 30, 34, 37, 45, 62, 68, 75, 77, 78, 87, 89]
[2, 13, 16, 21, 24, 38, 46, 58, 60, 66, 74, 78, 80, 83, 86]
[11, 12, 14, 20, 27, 34, 41, 43, 57, 71, 76, 78, 80, 86, 90]
[1, 6, 7, 12, 15, 25, 29, 39, 49, 50, 59, 76, 88, 89, 90]
[8, 18, 23, 29, 31, 35, 40, 50, 54, 74, 75, 78, 84, 87, 89]
[8, 10, 11, 18, 22, 36, 38, 50, 56, 60, 75, 78, 81, 86, 89]
[12, 24, 31, 36, 39, 48, 50, 55, 58, 63, 68, 72, 73, 87, 89]
[1, 4, 15, 23, 37, 43, 46, 50, 53, 59, 70, 77, 79, 83, 85]
[1, 2, 11, 15, 31, 36, 39, 50, 54, 61, 63, 72, 82, 83, 89]
[5, 9, 10, 16, 20, 32, 34, 39, 47, 56, 66, 76, 83, 86, 87]
[6, 8, 9, 11, 19, 20, 32, 50, 52, 63, 70, 77, 81, 83, 84]
[1, 14, 23, 27, 29, 34, 43, 48, 52, 54, 63, 64, 73, 79, 85]
[6, 22, 32, 33, 35, 40, 46, 51, 53, 63, 68, 69, 78, 79, 81]
[5, 7, 10, 13, 31, 32, 38, 41, 47, 53, 55, 58, 62, 63, 64]
[10, 14, 28, 38, 39, 45, 46, 49, 57, 59, 74, 78, 80, 88, 90]
[1, 10, 17, 23, 24, 33, 35, 36, 59, 61, 65, 69, 72, 86, 89]
[1, 4, 5, 11, 16, 39, 42, 55, 62, 67, 68, 70, 73, 74, 81]
[6, 11, 16, 17, 25, 29, 32, 35, 42, 52, 56, 62, 80, 85, 89]
[2, 19, 25, 26, 34, 43, 46, 68, 69, 73, 74, 75, 80, 82, 86]
[1, 29, 32, 36, 40, 44, 48, 50, 53, 54, 62, 67, 75, 81, 86]
[6, 7, 8, 12, 17, 23, 27, 31, 38, 55, 63, 68, 71, 73, 81]
[3, 9, 19, 24, 25, 46, 47, 49, 52, 53, 60, 61, 69, 78, 82]
[1, 7, 15, 22, 23, 39, 42, 46, 52, 53, 69, 73, 74, 78, 80]
[9, 14, 15, 17, 33, 35, 36, 45, 47, 48, 61, 71, 85, 87, 90]
[3, 13, 17, 31, 36, 43, 48, 60, 64, 75, 77, 79, 84, 89, 90]
[8, 14, 26, 35, 41, 43, 45, 55, 59, 61, 67, 70, 71, 79, 85]
[11, 13, 32, 43, 47, 49, 50, 54, 56, 60, 66, 67, 82, 83, 86]
[7, 17, 24, 41, 48, 59, 62, 66, 69, 74, 77, 79, 81, 85, 90]
[2, 14, 21, 29, 33, 35, 43, 49, 51, 54, 58, 63, 70, 74, 84]
[3, 5, 11, 18, 30, 37, 40, 45, 48, 56, 58, 59, 63, 76, 86]
[1, 5, 6, 13, 16, 20, 21, 23, 37, 52, 56, 63, 65, 69, 85]
[7, 11, 13, 14, 21, 29, 34, 43, 46, 49, 68, 75, 78, 80, 84]
[5, 9, 12, 14, 24, 25, 30, 33, 61, 69, 71, 74, 81, 84, 90]
[4, 7, 8, 11, 32, 36, 43, 44, 45, 50, 53, 73, 82, 86, 89]
[5, 8, 10, 11, 17, 24, 25, 36, 48, 60, 67, 71, 81, 83, 89]
[2, 6, 8, 14, 29, 33, 34, 52, 55, 58, 62, 66, 68, 74, 89]
[1, 9, 12, 23, 29, 39, 42, 46, 54, 61, 68, 76, 84, 86, 89]
[5, 13, 17, 21, 25, 29, 30, 31, 32, 43, 56, 68, 84, 87, 89]
[3, 9, 19, 22, 23, 33, 36, 44, 53, 54, 65, 73, 75, 78, 87]
[1, 3, 6, 12, 21, 38, 40, 41, 47, 58, 64, 66, 69, 71, 89]
[2, 6, 10, 14, 21, 27, 35, 42, 44, 53, 65, 71, 74, 77, 90]
[3, 11, 23, 28, 30, 34, 37, 42, 48, 61, 67, 70, 76, 81, 89]
[10, 15, 25, 30, 31, 37, 40, 47, 52, 53, 58, 60, 69, 71, 81]
[3, 6, 13, 26, 31, 33, 42, 48, 53, 63, 70, 72, 78, 82, 88]
[2, 4, 6, 10, 14, 16, 32, 37, 50, 56, 59, 66, 74, 84, 90]
[1, 8, 24, 26, 27, 50, 51, 58, 64, 66, 68, 75, 81, 84, 85]
[9, 13, 19, 21, 22, 35, 53, 60, 64, 66, 76, 79, 80, 85, 86]
[18, 19, 21, 22, 23, 34, 46, 47, 49, 52, 54, 64, 78, 80, 87]
[7, 9, 13, 20, 32, 42, 47, 63, 64, 69, 74, 77, 80, 85, 88]
[3, 5, 12, 18, 19, 23, 27, 39, 40, 61, 67, 70, 74, 78, 89]
[4, 20, 22, 25, 34, 36, 38, 47, 52, 66, 67, 68, 71, 78, 85]
[6, 9, 24, 35, 38, 46, 47, 50, 51, 52, 65, 79, 82, 83, 90]
[10, 12, 18, 22, 23, 29, 32, 37, 53, 57, 61, 63, 70, 82, 90]
[14, 18, 23, 31, 36, 47, 53, 54, 57, 61, 68, 74, 79, 80, 86]
[26, 29, 30, 33, 46, 47, 54, 55, 60, 62, 63, 74, 75, 79, 81]
[21, 28, 29, 30, 36, 37, 43, 54, 57, 58, 67, 73, 81, 82, 88]
[1, 3, 4, 14, 16, 27, 31, 35, 37, 43, 54, 57, 71, 73, 83]
[1, 10, 19, 21, 29, 38, 40, 49, 53, 55, 58, 78, 82, 86, 90]
[3, 4, 16, 29, 34, 45, 46, 50, 51, 60, 63, 69, 73, 74, 89]
[14, 21, 30, 38, 40, 51, 52, 53, 60, 61, 65, 71, 72, 81, 88]
[3, 4, 7, 13, 19, 33, 35, 41, 48, 51, 55, 65, 76, 83, 85]
[6, 7, 9, 11, 23, 28, 31, 42, 43, 47, 59, 61, 70, 80, 90]
[2, 4, 6, 13, 36, 39, 43, 53, 62, 64, 65, 77, 80, 84, 86]
[5, 7, 14, 17, 18, 32, 33, 34, 54, 58, 61, 74, 83, 85, 89]
[2, 4, 9, 15, 18, 27, 30, 37, 46, 47, 49, 56, 58, 60, 72]
[4, 5, 9, 14, 17, 18, 23, 43, 46, 59, 62, 65, 67, 74, 82]
[14, 15, 33, 34, 38, 41, 56, 59, 63, 65, 70, 78, 79, 81, 88]
[1, 9, 19, 20, 25, 26, 30, 33, 37, 43, 45, 50, 54, 74, 78]
[2, 5, 16, 17, 24, 29, 32, 38, 42, 52, 59, 72, 80, 81, 84]
[4, 8, 18, 20, 28, 45, 53, 54, 58, 60, 63, 68, 74, 77, 81]
[13, 16, 17, 24, 37, 41, 45, 52, 55, 65, 70, 75, 77, 82, 84]
[3, 6, 8, 16, 18, 28, 30, 32, 41, 52, 68, 71, 83, 84, 88]
[2, 3, 4, 19, 23, 25, 32, 33, 37, 45, 47, 63, 65, 79, 84]
[11, 18, 19, 20, 22, 28, 32, 43, 49, 57, 62, 64, 69, 71, 73]
[3, 10, 17, 24, 29, 33, 37, 44, 52, 53, 57, 61, 64, 76, 86]
[1, 12, 18, 25, 27, 34, 40, 44, 46, 55, 65, 70, 72, 83, 87]
[1, 10, 14, 21, 33, 36, 47, 49, 56, 60, 61, 67, 72, 83, 86]
[9, 17, 23, 24, 29, 36, 38, 44, 48, 54, 60, 75, 79, 82, 84]
[10, 21, 24, 29, 30, 36, 38, 45, 48, 71, 72, 78, 82, 85, 90]
[1, 2, 20, 38, 39, 40, 42, 49, 56, 63, 75, 76, 82, 86, 89]
[5, 7, 22, 28, 30, 44, 48, 51, 57, 60, 63, 69, 73, 81, 89]
[13, 15, 19, 22, 23, 32, 36, 43, 45, 54, 56, 65, 70, 77, 90]
[16, 22, 23, 27, 31, 33, 40, 47, 56, 67, 68, 69, 76, 82, 90]
[3, 6, 14, 17, 27, 29, 37, 40, 45, 49, 53, 69, 77, 78, 81]
[6, 7, 8, 15, 16, 37, 39, 47, 61, 67, 72, 74, 76, 82, 83]
[20, 26, 27, 31, 41, 44, 45, 52, 62, 64, 69, 71, 77, 78, 87]
[11, 16, 27, 34, 38, 42, 43, 46, 55, 72, 76, 78, 83, 89, 90]
[3, 7, 22, 35, 36, 37, 43, 45, 55, 58, 70, 71, 79, 85, 88]
[6, 15, 20, 24, 25, 30, 31, 40, 49, 53, 57, 62, 65, 67, 71]
[19, 25, 30, 36, 38, 45, 52, 53, 54, 63, 65, 73, 85, 89, 90]
[3, 9, 10, 13, 15, 21, 22, 28, 35, 44, 46, 69, 70, 74, 84]
[1, 7, 8, 10, 19, 22, 24, 28, 31, 48, 54, 57, 68, 70, 90]
[6, 15, 18, 20, 33, 35, 36, 46, 58, 68, 70, 72, 80, 86, 90]
[1, 4, 10, 19, 25, 26, 48, 50, 56, 64, 67, 68, 72, 73, 86]
[10, 15, 16, 27, 35, 36, 39, 57, 59, 60, 62, 66, 76, 82, 83]
[1, 6, 7, 17, 20, 22, 25, 31, 41, 53, 55, 60, 63, 73, 82]
[3, 18, 23, 27, 39, 44, 56, 57, 64, 66, 67, 72, 77, 79, 89]
[3, 12, 17, 19, 26, 27, 34, 37, 55, 57, 58, 64, 69, 72, 89]
[3, 8, 12, 13, 16, 27, 29, 52, 54, 56, 60, 64, 72, 80, 87]
[4, 14, 17, 18, 20, 26, 31, 37, 38, 41, 52, 53, 70, 71, 89]
[7, 16, 18, 22, 29, 45, 49, 54, 55, 58, 69, 71, 78, 79, 88]
[6, 8, 10, 12, 18, 22, 23, 25, 31, 34, 62, 66, 72, 85, 87]
[19, 21, 25, 31, 39, 48, 53, 57, 62, 64, 67, 78, 79, 82, 90]
[9, 13, 26, 32, 36, 38, 40, 42, 53, 59, 68, 69, 73, 77, 79]
[12, 23, 24, 27, 31, 33, 35, 42, 44, 46, 61, 65, 73, 77, 80]
[1, 8, 9, 12, 26, 27, 43, 46, 47, 51, 52, 67, 75, 76, 87]
[6, 7, 20, 24, 25, 38, 39, 43, 49, 50, 56, 75, 84, 87, 90]
[7, 17, 24, 33, 34, 37, 40, 41, 45, 50, 54, 58, 68, 78, 88]
[2, 7, 9, 11, 15, 16, 20, 33, 34, 46, 61, 68, 79, 81, 83]
[2, 8, 13, 17, 19, 33, 34, 38, 43, 44, 45, 67, 79, 82, 90]
